date,wave,state,sex,income,employ,region,media,educ,gore,bush,party,prepref,bush.sum,media.sum,gore.sum,party.dummy
20000213,2,MD,male,3,1,5,12,3,8,10,Dem,2,10,12,8,1
20000213,2,NY,male,7,1,2,25,7,11,9,Repub,1,9,25,11,0
20000213,2,NY,male,3,1,2,14,7,8,11,Dem,2,11,14,8,1
20000211,2,IA,female,7,6,4,25,9,NA,NA,Dem,2,3988,25,3988,1
20000213,2,PA,female,4,1,2,0,7,11,10,Repub,1,10,0,11,0
20000213,2,VA,male,5,1,5,9,5,7,6,Repub,1,6,9,7,0
20000211,2,MI,female,6,1,3,10,6,NA,NA,Repub,1,3988,10,3988,0
20000213,2,KY,female,6,5,6,26,7,NA,NA,Repub,1,3988,26,3988,0
20000210,2,IN,female,5,1,3,20,3,NA,NA,Dem,2,3988,20,3988,1
20000210,2,OK,male,1,4,7,NA,3,NA,NA,Dem,2,3988,1017,3988,1
20000213,2,NJ,male,6,1,2,23,3,NA,NA,Dem,2,3988,23,3988,1
20000212,2,NJ,male,6,1,2,29,6,NA,NA,Repub,1,3988,29,3988,0
20000216,2,NJ,male,5,1,2,9,7,11,11,Repub,1,11,9,11,0
20000210,2,DC,female,5,4,5,23,3,NA,NA,Dem,2,3988,23,3988,1
20000210,2,CT,male,6,1,1,14,5,NA,NA,NA,997,3988,14,3988,0
20000216,2,CT,male,6,1,1,10,3,NA,NA,Dem,2,3988,10,3988,1
20000216,2,CT,male,NA,1,1,16,3,NA,NA,Dem,2,3988,16,3988,1
20000212,2,AL,female,NA,7,6,24,5,NA,NA,Dem,2,3988,24,3988,1
20000215,2,AL,male,6,1,6,29,8,7,6,Repub,1,6,29,7,0
20000211,2,AL,female,2,4,6,10,2,NA,NA,Dem,2,3988,10,3988,1
20000211,2,AL,male,6,1,6,7,7,14,8,Repub,1,8,7,14,0
20000214,2,AL,male,6,1,6,20,7,NA,NA,Dem,2,3988,20,3988,1
20000212,2,WA,male,5,1,9,23,5,NA,NA,Repub,1,3988,23,3988,0
20000211,2,WA,male,8,1,9,26,3,NA,NA,Dem,2,3988,26,3988,1
20000213,2,WA,male,4,1,9,10,3,NA,NA,Repub,1,3988,10,3988,0
20000212,2,ME,female,1,4,1,19,3,NA,NA,Repub,1,3988,19,3988,0
20000214,2,ME,male,5,1,1,28,3,NA,NA,Dem,2,3988,28,3988,1
20000214,2,ME,male,5,1,1,17,6,12,12,Repub,1,12,17,12,0
20000214,2,ME,female,5,1,1,17,3,9,11,Dem,2,11,17,9,1
20000212,2,ME,female,6,1,1,15,6,NA,NA,Dem,2,3988,15,3988,1
20000211,2,ME,female,7,1,1,17,3,9,11,Dem,2,11,17,9,1
20000212,2,ID,male,5,1,8,30,5,14,10,Repub,1,10,30,14,0
20000212,2,ID,male,6,1,8,19,4,NA,NA,Repub,1,3988,19,3988,0
20000214,2,CA,female,6,6,9,29,3,NA,NA,Dem,2,3988,29,3988,1
20000213,2,CA,male,3,1,9,17,3,NA,NA,NA,997,3988,17,3988,0
20000215,2,CA,male,7,1,9,21,7,NA,NA,NA,997,3988,21,3988,0
20000214,2,CA,female,5,1,9,21,7,NA,NA,Dem,2,3988,21,3988,1
20000216,2,TX,male,3,2,7,14,3,NA,NA,Repub,1,3988,14,3988,0
20000216,2,CA,female,1,1,9,0,2,NA,NA,Repub,1,3988,0,3988,0
20000211,2,PA,female,1,5,2,NA,3,NA,NA,Dem,2,3988,999,3988,1
20000214,2,PA,male,6,8,2,26,3,NA,NA,Repub,1,3988,26,3988,0
20000216,2,PA,female,4,1,2,18,9,11,10,Dem,2,10,18,11,1
20000212,2,PA,male,6,1,2,25,5,8,14,Dem,2,14,25,8,1
20000215,2,PA,male,5,1,2,13,5,NA,NA,Repub,1,3988,13,3988,0
20000213,2,OH,female,NA,1,3,3,5,NA,NA,Repub,1,3988,3,3988,0
20000216,2,OH,male,4,2,3,8,2,NA,NA,Dem,2,3988,8,3988,1
20000212,2,IL,male,6,1,3,12,3,NA,NA,Dem,2,3988,12,3988,1
20000211,2,IL,female,NA,2,3,0,5,NA,NA,NA,997,3964,0,2003,0
20000214,2,MN,male,5,1,4,15,6,NA,NA,Dem,2,3988,15,3988,1
20000213,2,IN,male,6,1,3,25,7,NA,NA,Repub,1,3988,25,3988,0
20000211,2,IN,female,5,1,3,16,6,NA,NA,Repub,1,3988,16,3988,0
20000215,2,LA,male,4,1,7,13,7,NA,NA,Repub,1,3988,13,3988,0
20000216,2,LA,male,4,1,7,9,3,NA,NA,Repub,1,3988,9,3988,0
20000214,2,MI,female,1,2,3,5,3,NA,NA,NA,997,3988,5,3988,0
20000213,2,MI,male,5,1,3,9,3,NA,NA,Repub,1,3988,9,3988,0
20000212,2,MI,female,7,1,3,4,9,NA,NA,Dem,2,3988,4,3988,1
20000213,2,MI,female,NA,7,3,9,5,13,11,Repub,1,11,9,13,0
20000216,2,NC,male,4,1,5,5,9,NA,NA,Repub,1,3988,5,3988,0
20000215,2,WA,male,4,1,9,13,3,NA,NA,Dem,2,3988,13,3988,1
20000210,2,WA,female,7,4,9,28,7,NA,NA,Dem,2,3988,28,3988,1
20000210,2,WA,male,4,1,9,30,5,16,7,Repub,1,7,30,16,0
20000214,2,TX,male,7,1,7,15,6,10,NA,NA,997,1006,15,10,0
20000211,2,TX,male,4,1,7,12,3,NA,NA,Repub,1,3988,12,3988,0
20000211,2,TX,female,4,2,7,4,8,NA,NA,Repub,1,3988,4,3988,0
20000211,2,TX,female,6,1,7,14,3,NA,NA,Repub,1,3988,14,3988,0
20000215,2,AL,male,6,1,6,17,9,6,8,Repub,1,8,17,6,0
20000215,2,AL,male,NA,5,6,9,2,NA,NA,NA,997,3988,9,3988,0
20000214,2,KY,female,3,4,6,28,3,NA,NA,Repub,1,3988,28,3988,0
20000213,2,KY,female,6,1,6,9,3,NA,NA,Dem,2,3988,9,3988,1
20000215,2,TX,female,NA,4,7,19,3,NA,NA,Repub,1,3988,19,3988,0
20000214,2,TX,male,9,1,7,2,9,NA,NA,Dem,2,3988,2,3988,1
20000215,2,TX,male,4,1,7,25,5,15,4,Repub,1,4,25,15,0
20000210,2,TX,male,1,1,7,16,5,8,16,Dem,2,16,16,8,1
20000212,2,TX,female,9,2,7,5,3,NA,NA,Repub,1,3988,5,3988,0
20000211,2,MD,female,6,2,5,16,2,NA,NA,NA,997,3988,16,3988,0
20000210,2,MD,female,6,1,5,28,8,NA,NA,Repub,1,3988,28,3988,0
20000212,2,MD,female,9,1,5,11,7,NA,NA,Dem,2,3988,11,3988,1
20000214,2,MD,female,5,4,5,23,6,NA,NA,Dem,2,3988,23,3988,1
20000213,2,MD,female,5,2,5,14,5,7,14,Dem,2,14,14,7,1
20000210,2,MD,female,6,1,5,7,9,NA,NA,Dem,2,3988,7,3988,1
20000210,2,MD,female,1,2,5,13,3,NA,NA,Repub,1,3988,13,3988,0
20000210,2,DE,female,NA,6,5,25,3,NA,NA,Repub,1,3988,25,3988,0
20000214,2,DE,male,6,1,5,25,3,NA,NA,Repub,1,3988,25,3988,0
20000215,2,DE,male,NA,1,5,12,3,NA,NA,Dem,2,3988,12,3988,1
20000216,2,DE,female,4,6,5,21,7,NA,NA,Repub,1,3988,21,3988,0
20000211,2,DE,male,2,1,5,16,3,NA,NA,Dem,2,3988,16,3988,1
20000214,2,DE,female,NA,2,5,12,2,NA,NA,Dem,2,3988,12,3988,1
20000210,2,CO,male,2,2,8,2,3,NA,NA,Dem,2,3988,2,3988,1
20000215,2,CO,male,6,1,8,9,9,9,10,Dem,2,10,9,9,1
20000210,2,WV,male,5,2,5,9,3,NA,NA,Repub,1,3988,9,3988,0
20000211,2,WV,female,1,8,5,7,3,NA,NA,Dem,2,3988,7,3988,1
20000212,2,WV,female,4,4,5,9,8,NA,NA,Repub,1,3988,9,3988,0
20000211,2,FL,female,4,1,5,30,5,NA,NA,Dem,2,3988,30,3988,1
20000211,2,FL,female,NA,7,5,NA,5,NA,NA,Dem,2,3988,1999,3988,1
20000212,2,NE,male,3,5,4,20,7,NA,NA,NA,3,3988,20,3988,0
20000215,2,NE,female,8,1,4,17,8,11,NA,Repub,1,2000,17,11,0
20000214,2,IL,female,6,1,3,16,5,NA,NA,Dem,2,3988,16,3988,1
20000213,2,IL,male,5,1,3,22,5,15,4,Repub,1,4,22,15,0
20000213,2,IL,male,5,1,3,33,5,NA,NA,Dem,2,3988,33,3988,1
20000210,2,IL,male,7,1,3,18,9,NA,NA,Repub,1,3988,18,3988,0
20000216,2,IL,female,6,4,3,25,5,NA,NA,Repub,1,3988,25,3988,0
20000214,2,CA,female,6,1,9,10,9,9,NA,Dem,2,1007,10,9,1
20000212,2,CA,female,6,1,9,25,6,NA,NA,Dem,2,3988,25,3988,1
20000215,2,CA,female,2,1,9,3,1,NA,NA,Repub,1,3988,3,3988,0
20000216,2,MI,male,4,4,3,26,3,NA,NA,Dem,2,3988,26,3988,1
20000210,2,NY,female,6,2,2,7,3,NA,NA,Dem,2,3988,7,3988,1
20000215,2,NY,female,6,1,2,9,6,NA,NA,Repub,1,3988,9,3988,0
20000215,2,NY,male,6,1,2,19,7,NA,NA,Repub,1,3988,19,3988,0
20000215,2,KS,female,NA,4,4,28,8,NA,NA,Dem,2,3988,28,3988,1
20000210,2,KS,male,6,1,4,10,3,11,NA,Dem,2,3964,10,11,1
20000214,2,KS,female,4,1,4,16,5,8,10,Dem,2,10,16,8,1
20000215,2,KS,male,7,4,4,21,6,NA,NA,Repub,1,3988,21,3988,0
20000210,2,KS,female,6,6,4,18,5,NA,NA,Dem,2,3988,18,3988,1
20000212,2,KS,female,7,1,4,21,7,NA,NA,Dem,2,3988,21,3988,1
20000210,2,KS,female,1,1,4,9,9,NA,NA,Repub,1,3988,9,3988,0
20000215,2,IN,male,6,1,3,4,6,NA,NA,Repub,1,3988,4,3988,0
20000211,2,IN,female,4,1,3,9,4,9,NA,Repub,1,3964,9,9,0
20000212,2,IN,female,8,4,3,17,7,11,9,Repub,1,9,17,11,0
20000214,2,IN,female,4,2,3,27,5,NA,NA,NA,3,3988,27,3988,0
20000214,2,IN,male,3,2,3,9,7,NA,NA,Dem,2,3988,9,3988,1
20000211,2,LA,female,5,6,7,5,7,NA,NA,Repub,1,3988,5,3988,0
20000215,2,LA,female,5,6,7,14,5,NA,NA,NA,997,3988,14,3988,0
20000214,2,LA,male,6,1,7,26,9,12,NA,Repub,1,1005,26,12,0
20000214,2,LA,male,6,1,7,14,7,NA,NA,Repub,1,3988,14,3988,0
20000214,2,LA,female,4,1,7,8,3,NA,NA,Repub,1,1004,8,3964,0
20000215,2,LA,female,9,1,7,28,9,NA,NA,Dem,2,3988,28,3988,1
20000215,2,IA,male,NA,2,4,20,2,NA,NA,Dem,2,3988,20,3988,1
20000212,2,IA,male,4,1,4,19,3,NA,NA,Dem,2,3988,19,3988,1
20000216,2,IA,female,6,1,4,23,4,5,8,Dem,2,8,23,5,1
20000215,2,IA,female,2,1,4,15,3,9,9,Dem,2,9,15,9,1
20000214,2,IA,male,6,1,4,14,9,NA,NA,Dem,2,3988,14,3988,1
20000212,2,IA,female,NA,1,4,15,7,NA,NA,Dem,2,3988,15,3988,1
20000215,2,IA,male,7,1,4,24,4,9,9,NA,997,9,24,9,0
20000214,2,IA,male,6,1,4,10,3,8,7,Repub,1,7,10,8,0
20000215,2,IA,female,4,2,4,25,4,NA,NA,Repub,1,3988,25,3988,0
20000216,2,IA,female,9,6,4,14,7,NA,NA,Dem,2,3988,14,3988,1
20000212,2,IA,male,4,1,4,0,2,NA,NA,Repub,1,3988,0,3988,0
20000211,2,CA,female,2,1,9,NA,1,NA,NA,NA,997,3988,998,3988,0
20000215,2,CA,female,6,1,9,24,6,NA,NA,Dem,2,3988,24,3988,1
20000211,2,CA,male,1,1,9,19,4,10,11,Repub,1,11,19,10,0
20000216,2,CA,female,6,1,9,27,3,6,9,Dem,2,9,27,6,1
20000210,2,CA,female,NA,4,9,0,1,NA,NA,NA,3,3988,0,3988,0
20000213,2,CA,male,3,1,9,19,5,NA,NA,Repub,1,3988,19,3988,0
20000211,2,OH,male,NA,5,3,14,3,NA,NA,Dem,2,3988,14,3988,1
20000215,2,OH,male,7,1,3,5,7,NA,NA,Repub,1,3988,5,3988,0
20000213,2,OH,male,7,1,3,30,8,NA,NA,Repub,1,3988,30,3988,0
20000213,2,AL,female,5,1,6,16,7,NA,NA,Repub,1,3988,16,3988,0
20000213,2,AL,female,4,1,6,21,3,NA,10,Dem,2,10,21,1007,1
20000213,2,AL,female,7,2,6,15,7,NA,NA,Repub,1,3988,15,3988,0
20000215,2,NC,male,NA,4,5,17,3,7,14,Dem,2,14,17,7,1
20000210,2,LA,female,6,4,7,23,3,NA,NA,Dem,2,3988,23,3988,1
20000210,2,LA,male,3,5,7,12,3,NA,NA,Dem,2,3988,12,3988,1
20000211,2,WA,female,6,1,9,2,6,NA,NA,NA,997,3988,2,3988,0
20000213,2,WA,female,4,4,9,14,6,12,11,NA,997,11,14,12,0
20000210,2,WA,male,6,1,9,12,3,NA,NA,Repub,1,3988,12,3988,0
20000214,2,WA,female,2,4,9,29,3,NA,NA,Repub,1,3988,29,3988,0
20000211,2,WA,female,2,1,9,3,5,NA,NA,Dem,2,3988,3,3988,1
20000214,2,RI,male,4,4,1,28,6,NA,NA,Dem,2,3988,28,3988,1
20000211,2,RI,female,6,2,1,20,9,12,7,Repub,1,7,20,12,0
20000216,2,RI,male,1,1,1,5,7,NA,NA,Repub,1,3988,5,3988,0
20000215,2,RI,female,8,6,1,18,5,NA,NA,Repub,1,3988,18,3988,0
20000216,2,NE,female,6,1,4,20,3,NA,NA,Dem,2,3988,20,3988,1
20000212,2,GA,female,4,1,5,10,5,8,10,Dem,2,10,10,8,1
20000213,2,GA,female,6,6,5,17,3,NA,NA,Dem,2,3988,17,3988,1
20000215,2,GA,female,6,1,5,8,8,NA,NA,Repub,1,3988,8,3988,0
20000211,2,GA,female,6,7,5,12,3,NA,NA,Dem,2,3988,12,3988,1
20000214,2,OK,male,4,1,7,25,5,NA,NA,Dem,2,3988,25,3988,1
20000215,2,OK,female,NA,6,7,12,5,7,9,Dem,2,9,12,7,1
20000213,2,MT,female,4,6,8,9,3,NA,NA,Repub,1,3992,9,1005,0
20000215,2,FL,female,7,2,5,9,7,11,NA,Repub,1,3992,9,11,0
20000213,2,FL,female,2,2,5,14,1,NA,NA,Repub,1,3988,14,3988,0
20000216,2,CA,male,NA,1,9,7,9,NA,NA,Dem,2,3988,7,3988,1
20000215,2,CA,male,1,1,9,7,1,NA,NA,NA,997,3988,7,3988,0
20000216,2,TX,male,4,4,7,13,3,NA,NA,Repub,1,3988,13,3988,0
20000214,2,TX,female,6,1,7,10,3,NA,NA,Repub,1,3988,10,3988,0
20000216,2,TX,male,5,1,7,15,3,NA,NA,Dem,2,3988,15,3988,1
20000215,2,TX,male,5,1,7,1,9,NA,NA,Dem,2,3988,1,3988,1
20000213,2,MD,female,7,1,5,17,7,7,11,Dem,2,11,17,7,1
20000214,2,MD,male,4,5,5,11,5,11,8,Repub,1,8,11,11,0
20000210,2,MD,male,6,1,5,16,3,NA,NA,Dem,2,3988,16,3988,1
20000212,2,PA,male,1,2,2,8,7,NA,NA,Dem,2,3988,8,3988,1
20000212,2,PA,male,5,1,2,27,3,NA,NA,Dem,2,3988,27,3988,1
20000210,2,PA,female,6,6,2,14,3,13,13,Repub,1,13,14,13,0
20000211,2,PA,male,4,7,2,12,8,NA,NA,Repub,1,3988,12,3988,0
20000215,2,PA,male,7,1,2,14,7,NA,NA,Repub,1,3988,14,3988,0
20000213,2,MA,male,5,1,1,26,3,NA,NA,Repub,1,3988,26,3988,0
20000212,2,MA,male,6,1,1,17,3,NA,NA,NA,997,3988,17,3988,0
20000215,2,CA,female,NA,7,9,17,8,11,NA,Dem,2,1007,17,11,1
20000215,2,CA,male,8,1,9,24,9,NA,NA,Repub,1,3988,24,3988,0
20000210,2,CA,male,7,4,9,13,9,NA,NA,Repub,1,3988,13,3988,0
20000215,2,MO,male,1,4,4,7,5,NA,NA,Dem,2,3988,7,3988,1
20000212,2,MO,male,5,1,4,19,3,11,12,Dem,2,12,19,11,1
20000215,2,MO,female,3,4,4,28,3,11,8,Repub,1,8,28,11,0
20000213,2,MO,female,3,4,4,21,5,NA,NA,Repub,1,3988,21,3988,0
20000213,2,MO,male,3,4,4,6,3,NA,NA,Repub,1,3988,6,3988,0
20000215,2,MO,male,5,1,4,13,7,12,8,Repub,1,8,13,12,0
20000215,2,MO,male,3,1,4,4,2,10,13,Dem,2,13,4,10,1
20000215,2,MO,female,3,4,4,24,7,8,11,Dem,2,11,24,8,1
20000216,2,MO,female,2,4,4,25,4,10,12,Dem,2,12,25,10,1
20000211,2,OH,male,6,1,3,21,9,NA,NA,Repub,1,3988,21,3988,0
20000211,2,TN,female,6,2,6,10,5,NA,NA,Repub,1,3988,10,3988,0
20000216,2,TN,male,6,1,6,21,7,NA,NA,Dem,2,3988,21,3988,1
20000213,2,TN,female,3,4,6,23,5,NA,NA,Repub,1,3988,23,3988,0
20000214,2,TN,male,3,1,6,15,1,14,4,Repub,1,4,15,14,0
20000212,2,TN,male,7,4,6,35,8,5,11,Dem,2,11,35,5,1
20000212,2,TN,female,6,1,6,13,6,5,13,Dem,2,13,13,5,1
20000212,2,OH,male,6,1,3,29,4,NA,NA,Dem,2,3988,29,3988,1
20000211,2,OH,male,5,1,3,21,5,NA,NA,Dem,2,3988,21,3988,1
20000211,2,OH,female,1,2,3,6,5,9,11,Dem,2,11,6,9,1
20000215,2,OH,female,NA,2,3,14,3,11,12,Dem,2,12,14,11,1
20000211,2,OH,male,4,4,3,23,5,11,9,Repub,1,9,23,11,0
20000214,2,AR,female,6,1,7,11,3,11,12,Dem,2,12,11,11,1
20000210,2,AR,female,4,1,7,5,4,NA,NA,Dem,2,3988,5,3988,1
20000212,2,AR,female,5,1,7,18,4,7,15,Dem,2,15,18,7,1
20000213,2,AR,male,6,1,7,26,8,7,13,Dem,2,13,26,7,1
20000213,2,AR,female,4,6,7,12,3,5,8,Dem,2,8,12,5,1
20000216,2,KY,female,6,2,6,19,5,NA,NA,Repub,1,3988,19,3988,0
20000216,2,KY,female,1,5,6,17,3,NA,NA,Dem,2,3988,17,3988,1
20000213,2,KY,female,2,1,6,9,1,NA,NA,Dem,2,3988,9,3988,1
20000214,2,OR,male,3,2,9,7,7,NA,15,Dem,2,15,7,1005,1
20000212,2,OR,female,7,1,9,6,9,NA,NA,Dem,2,2004,6,1003,1
20000216,2,OR,female,5,1,9,12,7,NA,NA,Dem,2,3988,12,3988,1
20000215,2,OR,male,3,3,9,27,3,NA,NA,Dem,2,3988,27,3988,1
20000214,2,OR,male,6,1,9,18,6,NA,NA,Repub,1,3988,18,3988,0
20000216,2,OR,male,6,1,9,11,5,8,9,Repub,1,9,11,8,0
20000211,2,OR,female,6,1,9,26,7,5,16,Dem,2,16,26,5,1
20000211,2,OR,male,6,4,9,7,5,NA,NA,Repub,1,3988,7,3988,0
20000215,2,OR,male,NA,1,9,10,2,8,8,NA,997,8,10,8,0
20000216,2,OR,male,7,1,9,8,9,NA,NA,Dem,2,3988,8,3988,1
20000210,2,OR,male,8,1,9,5,5,NA,NA,Repub,1,3988,5,3988,0
20000210,2,OR,male,5,1,9,11,7,NA,NA,Repub,1,3988,11,3988,0
20000210,2,OR,male,5,1,9,5,3,12,11,Repub,1,11,5,12,0
20000213,2,LA,female,6,1,7,20,9,NA,NA,Dem,2,3988,20,3988,1
20000216,2,LA,female,2,1,7,31,3,NA,NA,Dem,2,3988,31,3988,1
20000215,2,LA,female,NA,4,7,15,7,NA,NA,Repub,1,3988,15,3988,0
20000212,2,LA,female,4,5,7,16,3,15,6,Repub,1,6,16,15,0
20000210,2,LA,female,NA,4,7,23,1,NA,NA,Dem,2,3964,23,3964,1
20000211,2,LA,female,2,4,7,28,2,NA,NA,Dem,2,3988,28,3988,1
20000213,2,LA,male,7,1,7,17,9,11,8,Repub,1,8,17,11,0
20000211,2,NM,female,4,1,8,18,7,NA,NA,Repub,1,3988,18,3988,0
20000212,2,NM,male,2,4,8,18,2,10,8,Repub,1,8,18,10,0
20000214,2,NM,male,4,1,8,5,4,NA,NA,Repub,1,3988,5,3988,0
20000210,2,NM,male,4,4,8,26,9,NA,NA,Repub,1,3988,26,3988,0
20000211,2,NM,male,7,1,8,13,7,11,9,Repub,1,9,13,11,0
20000211,2,NM,male,6,1,8,18,5,NA,NA,Repub,1,3988,18,3988,0
20000215,2,NM,male,5,1,8,20,7,NA,NA,Repub,1,3988,20,3988,0
20000212,2,NM,female,NA,4,8,35,7,NA,NA,Repub,1,3988,35,3988,0
20000214,2,NM,male,3,1,8,20,5,NA,NA,Repub,1,3988,20,3988,0
20000210,2,NM,female,NA,4,8,26,7,NA,NA,NA,997,3988,26,3988,0
20000213,2,MN,female,1,4,4,NA,5,NA,NA,Repub,1,3988,1006,3988,0
20000214,2,MA,female,7,1,1,24,7,NA,NA,Repub,1,3988,24,3988,0
20000214,2,MA,male,8,1,1,23,7,NA,NA,Repub,1,3988,23,3988,0
20000214,2,MA,female,2,4,1,25,2,NA,NA,Dem,2,3988,25,3988,1
20000211,2,MA,male,1,4,1,10,3,NA,NA,Dem,2,3988,10,3988,1
20000214,2,MA,female,7,1,1,22,9,NA,NA,Repub,1,3988,22,3988,0
20000214,2,MA,female,6,2,1,8,3,NA,NA,Dem,2,3988,8,3988,1
20000215,2,MA,male,8,1,1,14,6,13,7,Repub,1,7,14,13,0
20000216,2,MA,male,NA,1,1,20,9,NA,NA,Repub,1,3988,20,3988,0
20000213,2,WA,male,4,1,9,11,7,9,13,Dem,2,13,11,9,1
20000212,2,WA,male,3,1,9,14,3,NA,NA,Repub,1,3988,14,3988,0
20000214,2,WA,male,NA,1,9,11,8,NA,NA,Repub,1,3988,11,3988,0
20000214,2,WA,male,5,1,9,12,3,NA,NA,Repub,1,3988,12,3988,0
20000215,2,WA,male,8,2,9,22,8,NA,NA,Repub,1,3988,22,3988,0
20000215,2,WA,male,7,1,9,9,3,NA,NA,Dem,2,3988,9,3988,1
20000215,2,WA,male,7,1,9,14,7,10,14,NA,997,14,14,10,0
20000214,2,WA,female,2,2,9,19,3,9,8,NA,3,8,19,9,0
20000214,2,WA,male,3,7,9,1,1,11,11,Repub,1,11,1,11,0
20000215,2,WA,female,3,4,9,9,7,NA,NA,Dem,2,3988,9,3988,1
20000215,2,CA,male,7,1,9,27,7,NA,NA,Dem,2,3988,27,3988,1
20000216,2,CA,male,6,1,9,13,5,NA,NA,Dem,2,3988,13,3988,1
20000214,2,CA,female,6,1,9,15,7,11,12,Dem,2,12,15,11,1
20000214,2,CA,male,6,4,9,14,6,NA,NA,Repub,1,3988,14,3988,0
20000212,2,CA,female,2,2,9,19,8,9,13,Dem,2,13,19,9,1
20000211,2,CA,male,4,1,9,15,3,7,10,Dem,2,10,15,7,1
20000210,2,TX,female,5,1,7,16,2,NA,NA,Repub,1,3988,16,3988,0
20000211,2,TX,female,5,2,7,9,2,5,13,Dem,2,13,9,5,1
20000214,2,TX,male,6,4,7,19,2,NA,NA,Dem,2,3988,19,3988,1
20000215,2,TX,male,5,1,7,9,7,13,11,Repub,1,11,9,13,0
20000213,2,OH,female,6,1,3,13,3,NA,NA,NA,997,3988,13,3988,0
20000215,2,OH,male,NA,1,3,7,7,NA,NA,Repub,1,3988,7,3988,0
20000214,2,OH,female,2,4,3,16,3,NA,NA,Repub,1,3988,16,3988,0
20000210,2,OH,female,5,2,3,8,3,8,7,Dem,2,7,8,8,1
20000214,2,IA,male,6,1,4,0,7,NA,NA,NA,3,3988,0,3988,0
20000214,2,IA,female,6,1,4,27,9,NA,NA,Dem,2,3988,27,3988,1
20000214,2,NY,female,7,2,2,28,6,NA,NA,Repub,1,3988,28,3988,0
20000214,2,NY,male,6,1,2,30,7,NA,NA,Repub,1,3988,30,3988,0
20000211,2,NY,female,8,1,2,30,2,NA,NA,Repub,1,3988,30,3988,0
20000214,2,NY,female,6,3,2,11,4,NA,NA,Repub,1,3988,11,3988,0
20000212,2,NY,female,8,1,2,25,9,NA,NA,Dem,2,3988,25,3988,1
20000210,2,MI,female,5,6,3,14,5,11,10,Repub,1,10,14,11,0
20000211,2,MI,female,NA,4,3,27,7,NA,NA,Dem,2,3988,27,3988,1
20000212,2,MI,female,4,1,3,2,3,NA,NA,Dem,2,3988,2,3988,1
20000213,2,MI,female,5,1,3,11,7,10,9,Repub,1,9,11,10,0
20000213,2,MI,female,NA,1,3,2,5,NA,NA,NA,997,3988,2,3988,0
20000215,2,MI,male,1,2,3,19,3,NA,NA,Dem,2,3988,19,3988,1
20000211,2,MI,female,7,2,3,14,5,NA,NA,Repub,1,3988,14,3988,0
20000216,2,MI,female,NA,1,3,9,7,NA,8,Repub,1,8,9,3992,0
20000214,2,NY,male,6,1,2,0,3,NA,NA,Repub,1,3988,0,3988,0
20000211,2,NY,female,6,1,2,21,9,NA,NA,Repub,1,3988,21,3988,0
20000212,2,NY,male,5,1,2,22,5,10,7,Repub,1,7,22,10,0
20000211,2,NY,male,3,4,2,10,3,NA,NA,Repub,1,3988,10,3988,0
20000215,2,AZ,female,6,3,8,8,3,NA,8,Repub,1,8,8,3964,0
20000212,2,AZ,male,5,1,8,22,7,NA,NA,Repub,1,3988,22,3988,0
20000214,2,AZ,male,5,1,8,28,5,NA,NA,Repub,1,3988,28,3988,0
20000210,2,AZ,female,4,1,8,9,5,NA,NA,Repub,1,3988,9,3988,0
20000210,2,AZ,male,6,1,8,15,7,NA,NA,Repub,1,3988,15,3988,0
20000212,2,CA,female,1,7,9,2,6,NA,NA,Dem,2,3964,2,3964,1
20000210,2,CA,male,1,1,9,7,2,NA,NA,Repub,1,3988,7,3988,0
20000214,2,VA,female,4,5,5,8,2,8,8,Dem,2,8,8,8,1
20000214,2,VA,male,1,7,5,6,5,NA,NA,Repub,1,3988,6,3988,0
20000212,2,VA,female,4,5,5,4,3,NA,NA,NA,997,3988,4,3988,0
20000212,2,VA,female,1,4,5,15,1,NA,NA,Dem,2,3988,15,3988,1
20000216,2,VA,male,1,1,5,2,5,NA,NA,Dem,2,3988,2,3988,1
20000212,2,OR,male,3,3,9,14,2,6,10,Dem,2,10,14,6,1
20000212,2,OR,female,1,2,9,13,5,8,7,Repub,1,7,13,8,0
20000213,2,OR,female,5,4,9,22,6,NA,NA,Repub,1,3988,22,3988,0
20000211,2,OR,female,NA,1,9,29,9,NA,NA,Repub,1,3988,29,3988,0
20000214,2,CA,female,4,2,9,10,9,11,8,Repub,1,8,10,11,0
20000214,2,CA,female,7,1,9,19,5,NA,NA,Repub,1,3988,19,3988,0
20000210,2,CA,female,1,4,9,12,4,NA,NA,Dem,2,3988,12,3988,1
20000213,2,CA,female,NA,2,9,23,3,NA,NA,Repub,1,3988,23,3988,0
20000211,2,CA,female,6,1,9,11,3,NA,NA,Dem,2,3988,11,3988,1
20000210,2,CA,male,9,1,9,15,7,NA,NA,Dem,2,3988,15,3988,1
20000212,2,PA,male,7,1,2,12,5,9,NA,Dem,2,1007,12,9,1
20000214,2,PA,female,5,1,2,10,5,NA,NA,Repub,1,3988,10,3988,0
20000213,2,PA,female,3,3,2,25,3,NA,NA,Repub,1,3988,25,3988,0
20000210,2,PA,female,1,5,2,7,2,NA,NA,Dem,2,3988,7,3988,1
20000216,2,MO,female,6,1,4,21,3,NA,NA,Dem,2,3988,21,3988,1
20000214,2,MO,male,5,1,4,27,7,NA,NA,Dem,2,3988,27,3988,1
20000214,2,MO,female,2,1,4,16,3,5,14,Dem,2,14,16,5,1
20000210,2,MO,female,4,6,4,28,3,NA,NA,Dem,2,3964,28,3992,1
20000213,2,MO,male,3,1,4,8,5,NA,NA,Dem,2,3988,8,3988,1
20000216,2,MO,female,3,3,4,6,2,NA,NA,Dem,2,3988,6,3988,1
20000214,2,MO,male,6,4,4,21,9,NA,NA,NA,997,3988,21,3988,0
20000215,2,MO,male,3,1,4,10,2,NA,NA,Repub,1,3988,10,3988,0
20000213,2,MO,male,4,2,4,13,3,NA,NA,Dem,2,3988,13,3988,1
20000213,2,MS,female,5,6,6,1,3,NA,NA,Repub,1,3992,1,3992,0
20000210,2,MS,male,NA,1,6,25,7,11,9,Repub,1,9,25,11,0
20000212,2,MS,male,3,5,6,17,1,8,NA,Dem,2,3964,17,8,1
20000212,2,MS,male,4,1,6,9,3,NA,NA,Repub,1,3988,9,3988,0
20000214,2,MS,female,3,1,6,13,3,NA,NA,Dem,2,3988,13,3988,1
20000212,2,MS,female,5,1,6,12,7,NA,NA,Repub,1,3988,12,3988,0
20000213,2,AZ,male,4,1,8,11,3,NA,NA,Dem,2,3988,11,3988,1
20000210,2,AZ,female,6,1,8,12,5,12,6,Repub,1,6,12,12,0
20000211,2,NH,female,NA,4,1,7,3,NA,NA,NA,3,3988,7,3988,0
20000213,2,NH,female,6,4,1,29,3,10,10,Repub,1,10,29,10,0
20000212,2,SD,male,2,4,4,24,3,NA,NA,Repub,1,3988,24,3988,0
20000212,2,SD,male,3,1,4,12,3,NA,NA,Repub,1,3988,12,3988,0
20000214,2,SD,male,1,4,4,14,3,NA,NA,Repub,1,3988,14,3988,0
20000210,2,KY,male,7,1,6,11,5,12,8,Repub,1,8,11,12,0
20000215,2,KY,male,4,1,6,16,9,7,9,Dem,2,9,16,7,1
20000214,2,KY,female,3,1,6,17,7,NA,NA,Repub,1,3988,17,3988,0
20000211,2,KY,male,1,3,6,2,3,NA,NA,Dem,2,3988,2,3988,1
20000214,2,KY,female,8,1,6,27,7,12,11,Repub,1,11,27,12,0
20000210,2,KY,female,NA,5,6,7,1,NA,NA,Dem,2,3964,7,3964,1
20000213,2,KY,female,5,1,6,17,3,NA,NA,Repub,1,3988,17,3988,0
20000215,2,NY,female,3,7,2,20,9,NA,NA,Dem,2,3988,20,3988,1
20000215,2,NY,female,1,1,2,0,3,NA,NA,Repub,1,3988,0,3988,0
20000213,2,WI,female,4,1,3,8,5,NA,NA,Dem,2,3988,8,3988,1
20000211,2,NJ,male,7,1,2,24,7,NA,NA,Dem,2,3988,24,3988,1
20000213,2,NJ,male,3,1,2,23,3,8,7,Repub,1,7,23,8,0
20000210,2,NJ,female,6,1,2,28,5,NA,NA,Repub,1,3988,28,3988,0
20000214,2,NJ,female,3,1,2,12,8,NA,NA,Dem,2,3988,12,3988,1
20000213,2,NJ,male,6,1,2,26,9,NA,NA,Repub,1,3988,26,3988,0
20000212,2,PA,female,9,2,2,15,7,11,8,Repub,1,8,15,11,0
20000212,2,PA,female,4,1,2,15,7,NA,NA,Dem,2,3988,15,3988,1
20000211,2,PA,female,3,2,2,7,3,NA,NA,Dem,2,3988,7,3988,1
20000214,2,PA,male,NA,1,2,28,8,NA,NA,NA,3,3988,28,3988,0
20000210,2,PA,female,4,2,2,14,7,7,16,Dem,2,16,14,7,1
20000212,2,MN,female,6,6,4,4,5,12,NA,Repub,1,3992,4,12,0
20000214,2,MN,female,1,1,4,2,5,NA,NA,Dem,2,3988,2,3988,1
20000215,2,MN,female,6,1,4,18,3,10,8,Repub,1,8,18,10,0
20000214,2,MN,female,7,6,4,19,7,NA,NA,Repub,1,3988,19,3988,0
20000213,2,MN,male,5,1,4,9,8,NA,NA,NA,997,3988,9,3988,0
20000215,2,MN,female,6,2,4,20,9,NA,10,NA,997,10,20,3992,0
20000211,2,MN,male,5,1,4,0,7,NA,NA,Repub,1,3988,0,3988,0
20000211,2,MN,male,4,4,4,17,5,NA,NA,Dem,2,1004,17,2001,1
20000212,2,MN,female,3,4,4,21,3,NA,NA,Dem,2,3988,21,3988,1
20000210,2,MN,female,NA,1,4,24,5,8,14,Dem,2,14,24,8,1
20000216,2,OH,female,5,6,3,13,3,NA,NA,Repub,1,3988,13,3988,0
20000215,2,OH,female,2,1,3,9,2,NA,NA,Dem,2,3988,9,3988,1
20000214,2,OH,male,6,1,3,12,9,16,12,Repub,1,12,12,16,0
20000213,2,OH,male,9,1,3,22,9,NA,NA,Dem,2,3988,22,3988,1
20000210,2,OH,female,6,4,3,28,3,NA,NA,Repub,1,3988,28,3988,0
20000216,2,TN,male,6,1,6,10,6,12,8,Repub,1,8,10,12,0
20000213,2,TN,male,9,5,6,8,3,10,4,Repub,1,4,8,10,0
20000216,2,TN,male,7,2,6,17,3,9,7,Repub,1,7,17,9,0
20000211,2,TN,male,5,1,6,20,7,7,8,NA,4,8,20,7,0
20000214,2,MI,male,4,1,3,12,9,NA,NA,NA,997,3988,12,3988,0
20000211,2,MI,female,6,1,3,12,6,NA,NA,Repub,1,3988,12,3988,0
20000215,2,MI,male,4,1,3,12,4,NA,NA,Repub,1,3988,12,3988,0
20000213,2,MI,male,6,1,3,24,5,NA,NA,Repub,1,3988,24,3988,0
20000215,2,IL,male,1,4,3,15,5,NA,NA,Dem,2,3988,15,3988,1
20000215,2,IL,male,4,1,3,13,7,NA,NA,Repub,1,3988,13,3988,0
20000216,2,IL,female,5,2,3,17,9,NA,NA,NA,4,3988,17,3988,0
20000214,2,IL,female,7,4,3,22,8,NA,8,Repub,1,8,22,1007,0
20000215,2,CA,male,6,1,9,15,8,NA,NA,Repub,1,3988,15,3988,0
20000215,2,CA,female,7,1,9,14,7,NA,NA,NA,997,3988,14,3988,0
20000212,2,CA,male,5,1,9,16,4,NA,NA,Dem,2,3988,16,3988,1
20000210,2,CA,female,4,2,9,6,4,NA,NA,Repub,1,3988,6,3988,0
20000211,2,AZ,female,NA,2,8,7,5,9,11,Dem,2,11,7,9,1
20000214,2,AZ,female,NA,6,8,27,3,7,6,Repub,1,6,27,7,0
20000213,2,CA,male,7,1,9,21,7,12,5,Repub,1,5,21,12,0
20000214,2,CA,female,4,1,9,9,7,NA,NA,NA,3,3988,9,3988,0
20000213,2,CA,male,2,1,9,17,3,NA,NA,Repub,1,3988,17,3988,0
20000213,2,IL,female,8,2,3,15,3,13,10,Repub,1,10,15,13,0
20000216,2,IL,female,8,2,3,15,7,11,9,Repub,1,9,15,11,0
20000211,2,IL,female,4,1,3,13,3,NA,NA,Dem,2,3988,13,3988,1
20000213,2,IL,female,4,1,3,19,5,6,7,Dem,2,7,19,6,1
20000210,2,IL,female,1,4,3,14,5,NA,NA,Repub,1,3988,14,3988,0
20000216,2,IL,male,5,1,3,35,6,6,13,Dem,2,13,35,6,1
20000210,2,IL,female,NA,1,3,26,7,13,11,Dem,2,11,26,13,1
20000210,2,IL,female,6,1,3,31,7,NA,NA,NA,997,3988,31,3988,0
20000212,2,IL,female,7,4,3,NA,7,NA,NA,Repub,1,3988,1017,3988,0
20000215,2,MO,male,5,1,4,7,9,NA,NA,Repub,1,3988,7,3988,0
20000215,2,MO,male,4,1,4,14,3,NA,NA,Repub,1,3988,14,3988,0
20000213,2,MO,female,2,1,4,9,5,NA,NA,NA,997,3988,9,3988,0
20000210,2,MO,male,5,4,4,23,2,NA,NA,Dem,2,3988,23,3988,1
20000213,2,CA,female,9,8,9,7,8,8,15,Dem,2,15,7,8,1
20000215,2,CA,female,3,7,9,11,8,NA,NA,Dem,2,3988,11,3988,1
20000212,2,CA,male,6,1,9,12,7,NA,NA,Dem,2,3988,12,3988,1
20000215,2,MN,male,2,4,4,35,3,8,12,Dem,2,12,35,8,1
20000213,2,MO,male,4,1,4,18,3,NA,NA,Repub,1,3988,18,3988,0
20000211,2,CA,female,NA,1,9,14,6,NA,NA,Dem,2,3988,14,3988,1
20000211,2,CA,female,6,4,9,25,7,NA,NA,Dem,2,3988,25,3988,1
20000215,2,MS,female,3,1,6,12,6,NA,NA,Dem,2,3988,12,3988,1
20000210,2,VA,male,NA,1,5,26,9,NA,NA,Repub,1,3988,26,3988,0
20000212,2,VA,female,4,4,5,17,7,NA,NA,Repub,1,3988,17,3988,0
20000214,2,VA,female,4,4,5,19,5,NA,NA,NA,3,3988,19,3988,0
20000211,2,NC,female,5,1,5,8,5,NA,NA,Dem,2,3988,8,3988,1
20000216,2,NC,male,7,1,5,13,5,NA,NA,Dem,2,3988,13,3988,1
20000213,2,NC,female,7,1,5,1,5,NA,NA,Dem,2,3988,1,3988,1
20000212,2,GA,male,4,1,5,25,5,NA,NA,Repub,1,3988,25,3988,0
20000216,2,CA,male,8,1,9,18,5,NA,NA,Repub,1,3988,18,3988,0
20000213,2,CA,male,9,1,9,13,7,NA,NA,Dem,2,3988,13,3988,1
20000216,2,CA,male,NA,4,9,NA,5,NA,NA,Repub,1,3988,1010,3988,0
20000211,2,IL,male,5,1,3,7,5,NA,NA,Dem,2,3988,7,3988,1
20000210,2,IA,male,9,1,4,13,9,9,7,Repub,1,7,13,9,0
20000212,2,TX,female,6,1,7,5,7,NA,NA,Dem,2,3988,5,3988,1
20000215,2,TX,male,5,1,7,13,7,NA,NA,Dem,2,3988,13,3988,1
20000212,2,TX,female,6,1,7,8,1,NA,NA,Repub,1,3988,8,3988,0
20000214,2,TX,female,NA,2,7,5,5,NA,NA,NA,997,3988,5,3988,0
20000212,2,TX,female,3,2,7,14,3,NA,NA,Repub,1,3988,14,3988,0
20000210,2,CA,male,5,1,9,12,6,10,12,Repub,1,12,12,10,0
20000212,2,CA,male,5,1,9,11,5,8,7,Repub,1,7,11,8,0
20000210,2,CA,male,7,1,9,19,4,NA,NA,NA,997,3988,19,3988,0
20000212,2,CA,male,6,1,9,8,2,12,NA,Repub,1,1006,8,12,0
20000213,2,WI,female,3,1,3,6,2,NA,NA,Dem,2,3988,6,3988,1
20000215,2,WI,female,3,4,3,24,3,NA,NA,Repub,1,3988,24,3988,0
20000213,2,WI,male,6,1,3,4,6,NA,NA,Repub,1,3988,4,3988,0
20000210,2,WI,female,5,1,3,3,3,NA,NA,Repub,1,3988,3,3988,0
20000214,2,NY,female,NA,1,2,16,7,NA,NA,Repub,1,3988,16,3988,0
20000211,2,NY,female,4,6,2,25,3,7,8,Repub,1,8,25,7,0
20000215,2,NY,male,5,1,2,5,7,11,5,Repub,1,5,5,11,0
20000212,2,NY,female,4,2,2,21,3,NA,NA,Dem,2,3988,21,3988,1
20000211,2,NY,female,4,1,2,12,3,NA,NA,Dem,2,3988,12,3988,1
20000216,2,PA,male,6,1,2,17,4,NA,NA,Repub,1,3988,17,3988,0
20000214,2,PA,male,5,1,2,14,7,NA,NA,Repub,1,3988,14,3988,0
20000212,2,PA,female,2,1,2,4,4,8,13,Dem,2,13,4,8,1
20000213,2,PA,male,1,5,2,1,3,6,8,Dem,2,8,1,6,1
20000215,2,PA,female,NA,4,2,9,2,NA,NA,NA,997,3964,9,3964,0
20000215,2,PA,female,8,1,2,7,9,NA,NA,Dem,2,3988,7,3988,1
20000210,2,PA,male,4,1,2,17,3,8,16,Dem,2,16,17,8,1
20000211,2,PA,male,4,1,2,30,7,NA,NA,Dem,2,3988,30,3988,1
20000211,2,NY,female,5,2,2,9,3,NA,NA,Repub,1,3988,9,3988,0
20000213,2,NY,female,1,6,2,12,2,NA,NA,Dem,2,3988,12,3988,1
20000212,2,NY,female,6,6,2,4,6,NA,NA,NA,997,3988,4,3988,0
20000215,2,NY,female,5,1,2,23,3,NA,NA,Dem,2,3988,23,3988,1
20000214,2,NY,female,6,1,2,21,3,10,11,Dem,2,11,21,10,1
20000215,2,NY,female,4,6,2,22,5,NA,NA,Repub,1,3988,22,3988,0
20000211,2,NY,female,NA,2,2,15,7,11,16,Dem,2,16,15,11,1
20000214,2,NY,female,6,1,2,9,5,16,6,Repub,1,6,9,16,0
20000214,2,NY,female,5,1,2,23,6,7,14,Dem,2,14,23,7,1
20000210,2,NY,female,3,1,2,26,3,9,10,Dem,2,10,26,9,1
20000214,2,NY,male,6,1,2,10,3,8,11,Dem,2,11,10,8,1
20000212,2,NY,male,9,1,2,5,9,NA,NA,Dem,2,3988,5,3988,1
20000211,2,NY,female,6,6,2,6,5,6,NA,Dem,2,3964,6,6,1
20000214,2,NY,male,2,1,2,15,7,NA,NA,Dem,2,3988,15,3988,1
20000211,2,NY,female,2,1,2,30,3,NA,NA,Repub,1,3988,30,3988,0
20000212,2,NY,male,NA,NA,2,7,NA,NA,NA,NA,3,3988,7,3988,0
20000212,2,NY,female,7,1,2,19,3,9,14,Dem,2,14,19,9,1
20000212,2,NY,male,6,2,2,5,5,NA,NA,Dem,2,3988,5,3988,1
20000214,2,CO,male,5,2,8,21,7,NA,NA,Repub,1,3988,21,3988,0
20000211,2,CO,female,7,1,8,15,7,NA,NA,Dem,2,3992,15,3992,1
20000214,2,CO,female,3,1,8,1,6,NA,NA,Repub,1,3988,1,3988,0
20000212,2,CO,male,NA,4,8,NA,7,NA,NA,Dem,2,3988,1020,3988,1
20000214,2,FL,female,6,1,5,17,5,13,7,NA,997,7,17,13,0
20000212,2,FL,female,6,4,5,26,5,12,11,Repub,1,11,26,12,0
20000211,2,FL,male,5,4,5,25,1,NA,NA,Repub,1,3988,25,3988,0
20000213,2,FL,female,NA,1,5,17,7,NA,NA,NA,997,3988,17,3988,0
20000214,2,NJ,female,6,1,2,20,3,12,14,Dem,2,14,20,12,1
20000215,2,NJ,female,NA,8,2,7,5,NA,NA,Repub,1,3988,7,3988,0
20000211,2,OH,female,1,6,3,21,1,NA,NA,Dem,2,3988,21,3988,1
20000214,2,OH,female,2,1,3,2,3,NA,10,Dem,2,10,2,3964,1
20000211,2,OH,female,4,1,3,16,3,NA,NA,Dem,2,3988,16,3988,1
20000213,2,OH,male,6,1,3,13,3,NA,NA,Repub,1,3988,13,3988,0
20000210,2,VA,female,3,1,5,21,6,NA,NA,Repub,1,3988,21,3988,0
20000212,2,VA,male,5,1,5,21,5,NA,NA,Repub,1,3988,21,3988,0
20000214,2,VA,male,5,1,5,28,5,NA,NA,Repub,1,3988,28,3988,0
20000210,2,VA,female,6,2,5,22,7,NA,NA,Repub,1,3988,22,3988,0
20000214,2,CA,male,4,1,9,10,3,NA,NA,Dem,2,3988,10,3988,1
20000213,2,CA,female,7,1,9,21,7,NA,NA,Repub,1,3988,21,3988,0
20000213,2,CA,female,5,1,9,19,6,10,9,Repub,1,9,19,10,0
20000212,2,IN,male,6,4,3,23,3,NA,NA,Dem,2,3988,23,3988,1
20000212,2,GA,male,8,1,5,0,7,12,11,Dem,2,11,0,12,1
20000215,2,GA,female,3,1,5,11,5,NA,NA,Dem,2,3988,11,3988,1
20000210,2,GA,male,6,1,5,11,7,NA,NA,NA,3,3988,11,3988,0
20000216,2,GA,male,5,1,5,18,3,NA,NA,Dem,2,3988,18,3988,1
20000211,2,GA,male,5,7,5,7,9,NA,NA,Repub,1,3988,7,3988,0
20000210,2,GA,female,5,1,5,0,5,NA,NA,NA,997,3964,0,2003,0
20000212,2,GA,female,NA,4,5,23,9,NA,NA,Repub,1,3988,23,3988,0
20000212,2,IL,female,NA,1,3,19,6,NA,NA,Repub,1,3988,19,3988,0
20000215,2,IL,female,5,7,3,17,6,NA,NA,Repub,1,3988,17,3988,0
20000210,2,IL,female,2,4,3,6,3,NA,NA,Dem,2,3988,6,3988,1
20000215,2,IL,female,NA,4,3,14,5,8,10,Dem,2,10,14,8,1
20000210,2,IL,male,6,1,3,7,9,NA,NA,Dem,2,3988,7,3988,1
20000211,2,IL,female,3,1,3,18,7,NA,NA,Dem,2,3988,18,3988,1
20000210,2,NV,female,7,1,8,24,3,NA,NA,Dem,2,3988,24,3988,1
20000214,2,MA,male,8,1,1,15,8,NA,NA,Dem,2,3988,15,3988,1
20000214,2,KS,male,6,1,4,5,7,10,9,Dem,2,9,5,10,1
20000214,2,KS,male,8,1,4,17,7,11,9,Repub,1,9,17,11,0
20000216,2,UT,male,5,2,8,9,5,NA,NA,Repub,1,3988,9,3988,0
20000210,2,UT,male,4,1,8,13,8,NA,NA,Dem,2,3988,13,3988,1
20000214,2,UT,female,5,4,8,35,3,NA,NA,Repub,1,3988,35,3988,0
20000214,2,UT,male,1,4,8,14,1,4,NA,Dem,2,1005,14,4,1
20000210,2,UT,female,6,6,8,5,7,NA,NA,Repub,1,3988,5,3988,0
20000213,2,UT,male,1,5,8,15,2,NA,NA,Dem,2,3988,15,3988,1
20000212,2,UT,female,3,6,8,19,6,NA,NA,Repub,1,3988,19,3988,0
20000212,2,UT,male,2,2,8,15,5,NA,NA,Repub,1,3988,15,3988,0
20000215,2,SC,male,6,1,5,23,6,NA,NA,Dem,2,3988,23,3988,1
20000212,2,SC,male,4,1,5,12,5,NA,NA,Dem,2,3988,12,3988,1
20000213,2,SC,male,1,3,5,3,2,NA,5,NA,997,5,3,3964,0
20000214,2,SC,female,2,1,5,28,5,7,7,Repub,1,7,28,7,0
20000211,2,SC,female,8,7,5,1,3,NA,NA,Dem,2,3988,1,3988,1
20000216,2,SC,female,NA,2,5,22,7,NA,NA,Dem,2,3988,22,3988,1
20000214,2,VA,female,5,1,5,11,3,11,8,Repub,1,8,11,11,0
20000211,2,VA,female,5,1,5,9,9,NA,NA,Dem,2,3988,9,3988,1
20000210,2,CA,female,6,6,9,21,3,5,5,Repub,1,5,21,5,0
20000213,2,CA,female,3,1,9,9,5,8,8,Dem,2,8,9,8,1
20000214,2,CA,male,8,1,9,24,9,8,11,Dem,2,11,24,8,1
20000214,2,CA,male,8,7,9,9,5,NA,NA,Repub,1,3988,9,3988,0
20000210,2,TX,male,4,1,7,14,3,NA,NA,Repub,1,3988,14,3988,0
20000214,2,TX,male,1,7,7,7,7,NA,NA,Repub,1,3988,7,3988,0
20000211,2,MI,female,4,1,3,1,3,NA,NA,NA,997,3988,1,3988,0
20000215,2,MI,female,9,6,3,9,3,NA,NA,Repub,1,3988,9,3988,0
20000211,2,MI,female,3,4,3,19,5,NA,NA,NA,997,3988,19,3988,0
20000213,2,MI,female,4,1,3,13,3,8,10,Dem,2,10,13,8,1
20000214,2,MI,female,6,2,3,16,3,9,9,Repub,1,9,16,9,0
20000211,2,MI,male,8,1,3,12,7,7,7,Dem,2,7,12,7,1
20000215,2,IN,male,5,1,3,NA,5,NA,NA,NA,997,3988,1016,3988,0
20000212,2,FL,male,8,1,5,6,7,NA,NA,Repub,1,3988,6,3988,0
20000210,2,PA,female,5,2,2,21,3,NA,NA,Repub,1,3988,21,3988,0
20000212,2,IL,female,5,1,3,18,7,8,8,NA,997,8,18,8,0
20000211,2,MO,male,4,1,4,19,8,8,14,Dem,2,14,19,8,1
20000213,2,MO,male,3,1,4,12,NA,8,12,Repub,1,12,12,8,0
20000212,2,MO,female,6,1,4,8,9,NA,NA,Dem,2,3988,8,3988,1
20000211,2,MO,male,7,1,4,14,7,NA,NA,Dem,2,3988,14,3988,1
20000213,2,TX,male,4,1,7,0,2,NA,NA,NA,3,3988,0,3988,0
20000215,2,CA,female,4,1,9,15,6,NA,NA,Repub,1,3988,15,3988,0
20000214,2,CA,male,6,1,9,10,9,NA,NA,Dem,2,3988,10,3988,1
20000210,2,NC,male,3,5,5,16,1,NA,NA,Repub,1,3988,16,3988,0
20000216,2,NC,male,2,1,5,12,9,NA,NA,Dem,2,3988,12,3988,1
20000213,2,SC,male,9,1,5,26,9,NA,NA,Repub,1,3988,26,3988,0
20000211,2,SC,female,7,7,5,9,3,14,9,Repub,1,9,9,14,0
20000212,2,SC,female,3,1,5,24,7,NA,NA,Repub,1,3988,24,3988,0
20000212,2,SC,female,4,7,5,6,3,NA,NA,Dem,2,3988,6,3988,1
20000211,2,SC,female,4,1,5,18,6,15,NA,Repub,1,3964,18,15,0
20000210,2,SC,female,5,2,5,26,3,NA,NA,NA,997,3988,26,3988,0
20000212,2,SC,female,4,1,5,0,6,NA,NA,Repub,1,3988,0,3988,0
20000213,2,SC,male,6,1,5,8,2,NA,NA,Repub,1,3988,8,3988,0
20000212,2,IL,female,6,6,3,3,9,NA,NA,NA,997,3988,3,3988,0
20000213,2,IL,male,3,4,3,27,5,NA,NA,Repub,1,3988,27,3988,0
20000210,2,FL,female,6,1,5,7,9,NA,NA,Dem,2,3988,7,3988,1
20000213,2,FL,male,5,1,5,17,7,16,16,Dem,2,16,17,16,1
20000216,2,FL,female,5,1,5,25,5,NA,NA,Repub,1,3988,25,3988,0
20000215,2,FL,male,4,1,5,24,2,NA,NA,Repub,1,3988,24,3988,0
20000211,2,FL,female,5,1,5,23,7,NA,NA,Repub,1,3988,23,3988,0
20000214,2,FL,female,4,1,5,17,6,10,11,NA,997,11,17,10,0
20000212,2,FL,female,1,1,5,22,3,12,8,Dem,2,8,22,12,1
20000211,2,FL,female,4,4,5,20,3,11,4,Repub,1,4,20,11,0
20000212,2,FL,female,NA,2,5,11,9,8,12,Dem,2,12,11,8,1
20000216,2,CA,male,7,1,9,28,7,NA,NA,Repub,1,3988,28,3988,0
20000212,2,CA,female,2,7,9,15,6,NA,NA,Repub,1,3988,15,3988,0
20000210,2,CT,female,5,1,1,7,9,NA,NA,NA,997,3988,7,3988,0
20000211,2,CT,female,6,1,1,21,5,NA,NA,Repub,1,3988,21,3988,0
20000213,2,CT,female,5,2,1,17,5,NA,NA,Dem,2,3988,17,3988,1
20000211,2,CT,female,NA,4,1,14,7,12,16,Dem,2,16,14,12,1
20000214,2,FL,male,5,1,5,11,6,NA,NA,Repub,1,3988,11,3988,0
20000215,2,SC,female,NA,4,5,7,2,NA,NA,Repub,1,3988,7,3988,0
20000214,2,SC,male,5,1,5,20,3,NA,NA,Repub,1,3988,20,3988,0
20000216,2,SC,female,5,1,5,23,6,16,9,Repub,1,9,23,16,0
20000216,2,AR,female,2,1,7,6,2,NA,NA,Dem,2,3988,6,3988,1
20000211,2,TN,female,4,6,6,7,4,NA,NA,Dem,2,3988,7,3988,1
20000212,2,TN,male,6,1,6,13,3,NA,NA,Dem,2,3988,13,3988,1
20000211,2,TN,female,2,4,6,35,5,NA,5,Repub,1,5,35,1004,0
20000212,2,TN,female,3,1,6,3,3,NA,NA,NA,997,3964,3,3964,0
20000216,2,TN,female,4,1,6,23,3,NA,NA,Dem,2,3988,23,3988,1
20000212,2,TN,male,7,1,6,4,7,NA,NA,Repub,1,3988,4,3988,0
20000211,2,TX,female,1,1,7,18,3,NA,NA,Repub,1,3988,18,3988,0
20000211,2,TX,female,3,1,7,7,3,NA,NA,Repub,1,3988,7,3988,0
20000214,2,TX,female,3,4,7,14,5,13,8,Repub,1,8,14,13,0
20000213,2,TX,male,4,1,7,9,3,NA,NA,Dem,2,3988,9,3988,1
20000210,2,TX,female,4,6,7,8,3,8,NA,Dem,2,1004,8,8,1
20000216,2,FL,female,6,1,5,19,7,11,11,Repub,1,11,19,11,0
20000210,2,MI,female,4,1,3,21,3,NA,NA,Repub,1,3988,21,3988,0
20000213,2,CA,male,2,1,9,32,5,NA,NA,Repub,1,3988,32,3988,0
20000210,2,CA,female,6,2,9,5,5,NA,NA,NA,997,3988,5,3988,0
20000210,2,CA,female,5,1,9,23,7,NA,NA,Dem,2,3988,23,3988,1
20000211,2,CA,female,6,6,9,11,5,NA,NA,Dem,2,3988,11,3988,1
20000213,2,CA,male,8,1,9,13,7,NA,NA,Dem,2,3988,13,3988,1
20000216,2,CA,female,NA,6,9,18,9,10,15,Dem,2,15,18,10,1
20000215,2,NC,male,3,4,5,13,3,NA,NA,Repub,1,3988,13,3988,0
20000211,2,GA,male,6,1,5,11,3,NA,NA,Repub,1,3988,11,3988,0
20000212,2,GA,female,4,1,5,32,3,NA,NA,Repub,1,3988,32,3988,0
20000216,2,GA,male,8,1,5,11,9,NA,NA,Repub,1,3988,11,3988,0
20000214,2,GA,male,6,1,5,24,8,9,7,Repub,1,7,24,9,0
20000216,2,GA,male,7,1,5,18,7,NA,NA,Repub,1,3988,18,3988,0
20000216,2,GA,female,3,4,5,28,3,NA,NA,Repub,1,3988,28,3988,0
20000212,2,GA,male,6,1,5,21,5,NA,NA,Dem,2,3988,21,3988,1
20000210,2,GA,female,3,4,5,22,6,NA,NA,Dem,2,2002,22,2997,1
20000212,2,GA,female,4,1,5,16,6,NA,NA,Repub,1,3988,16,3988,0
20000210,2,GA,male,5,1,5,31,5,NA,NA,Repub,1,3988,31,3988,0
20000216,2,NY,male,8,1,2,22,9,NA,NA,Repub,1,3988,22,3988,0
20000210,2,NY,female,2,4,2,21,2,NA,NA,Repub,1,3988,21,3988,0
20000214,2,NY,male,6,4,2,14,9,NA,NA,Repub,1,3988,14,3988,0
20000215,2,NY,male,NA,1,2,11,3,NA,NA,Dem,2,3988,11,3988,1
20000212,2,NY,male,6,4,2,24,4,16,10,Repub,1,10,24,16,0
20000213,2,CA,female,5,7,9,11,6,14,8,Repub,1,8,11,14,0
20000213,2,CA,male,7,1,9,20,3,8,16,Dem,2,16,20,8,1
20000215,2,CA,female,6,2,9,23,7,6,11,Dem,2,11,23,6,1
20000210,2,CA,female,6,1,9,7,5,NA,15,Dem,2,15,7,2004,1
20000211,2,OK,male,5,1,7,20,2,12,11,Repub,1,11,20,12,0
20000211,2,OK,female,1,2,7,20,5,12,7,Repub,1,7,20,12,0
20000215,2,OK,female,NA,4,7,14,3,12,11,Repub,1,11,14,12,0
20000210,2,OK,male,7,1,7,17,9,NA,NA,Repub,1,3988,17,3988,0
20000213,2,OK,female,5,4,7,26,5,13,5,Repub,1,5,26,13,0
20000216,2,OK,female,1,4,7,NA,2,NA,NA,Dem,2,3992,1005,3964,1
20000212,2,OK,female,NA,6,7,28,5,8,11,Dem,2,11,28,8,1
20000213,2,NC,male,4,8,5,20,6,NA,NA,NA,4,3988,20,3988,0
20000210,2,NC,female,6,1,5,22,3,NA,NA,Repub,1,3988,22,3988,0
20000211,2,NC,female,5,6,5,18,3,4,6,Repub,1,6,18,4,0
20000213,2,NC,female,6,1,5,24,3,NA,NA,Dem,2,3988,24,3988,1
20000214,2,WI,male,6,4,3,28,7,9,9,Repub,1,9,28,9,0
20000213,2,WI,female,1,8,3,7,3,NA,NA,Dem,2,3988,7,3988,1
20000215,2,WI,male,8,1,3,17,9,NA,NA,Dem,2,3988,17,3988,1
20000211,2,WI,female,NA,1,3,5,5,11,10,Repub,1,10,5,11,0
20000214,2,WI,female,5,1,3,8,6,NA,NA,Repub,1,3988,8,3988,0
20000213,2,WI,female,5,6,3,15,6,14,6,Repub,1,6,15,14,0
20000214,2,CA,female,6,1,9,18,6,NA,NA,Dem,2,3988,18,3988,1
20000210,2,CA,male,8,2,9,24,7,NA,NA,Repub,1,3988,24,3988,0
20000215,2,TN,male,6,1,6,22,6,8,8,Repub,1,8,22,8,0
20000216,2,TN,female,2,6,6,16,3,10,6,Repub,1,6,16,10,0
20000216,2,TN,male,3,1,6,14,3,8,NA,Dem,2,3964,14,8,1
20000216,2,TN,female,2,1,6,8,5,NA,NA,Repub,1,3988,8,3988,0
20000213,2,TX,female,7,1,7,21,9,NA,NA,Dem,2,3988,21,3988,1
20000213,2,TX,female,5,1,7,13,5,NA,NA,Repub,1,3988,13,3988,0
20000210,2,FL,male,3,2,5,13,1,NA,NA,Repub,1,3988,13,3988,0
20000213,2,FL,male,NA,2,5,22,9,9,11,Dem,2,11,22,9,1
20000215,2,FL,female,NA,1,5,23,7,NA,NA,Repub,1,3988,23,3988,0
20000212,2,FL,male,6,4,5,18,3,NA,NA,Dem,2,3988,18,3988,1
20000211,2,FL,female,8,6,5,26,7,NA,NA,Repub,1,3988,26,3988,0
20000210,2,FL,male,4,4,5,14,5,6,9,Dem,2,9,14,6,1
20000211,2,FL,female,5,2,5,27,7,NA,NA,Repub,1,3988,27,3988,0
20000215,2,CA,female,5,1,9,24,5,NA,NA,Dem,2,3988,24,3988,1
20000216,2,FL,female,NA,4,5,NA,6,NA,NA,NA,3,3988,3997,3988,0
20000211,2,FL,female,6,1,5,13,6,NA,NA,Dem,2,3988,13,3988,1
20000213,2,FL,male,7,1,5,5,3,15,12,Repub,1,12,5,15,0
20000213,2,TX,male,1,1,7,14,3,NA,NA,Repub,1,3988,14,3988,0
20000213,2,CO,female,2,7,8,13,8,10,9,Repub,1,9,13,10,0
20000212,2,CO,male,4,2,8,35,5,NA,NA,Dem,2,3988,35,3988,1
20000211,2,CO,female,4,1,8,24,3,NA,NA,Repub,1,3988,24,3988,0
20000212,2,TX,male,1,2,7,10,3,NA,NA,Repub,1,3988,10,3988,0
20000212,2,TX,male,6,1,7,24,5,NA,NA,Repub,1,3988,24,3988,0
20000214,2,TX,male,1,4,7,20,2,NA,NA,Repub,1,3988,20,3988,0
20000213,2,TX,male,5,2,7,17,5,8,8,Dem,2,8,17,8,1
20000212,2,NJ,female,6,6,2,11,7,14,7,Repub,1,7,11,14,0
20000210,2,NJ,female,1,4,2,9,2,6,11,Dem,2,11,9,6,1
20000216,2,NJ,female,3,1,2,9,3,NA,NA,NA,997,3988,9,3988,0
20000214,2,NJ,male,6,1,2,7,7,NA,NA,Repub,1,3988,7,3988,0
20000212,2,MA,female,6,1,1,28,3,12,9,Repub,1,9,28,12,0
20000211,2,MA,female,6,2,1,16,9,NA,NA,Dem,2,3988,16,3988,1
20000212,2,MA,male,9,1,1,33,7,NA,NA,Repub,1,3988,33,3988,0
20000214,2,MA,female,5,4,1,25,3,NA,NA,Dem,2,3988,25,3988,1
20000125,1,NC,male,8,1,5,21,8,NA,NA,NA,997,3988,21,3988,0
20000125,1,FL,female,5,4,5,25,3,NA,NA,Repub,1,3988,25,3988,0
20000127,1,FL,male,6,4,5,23,9,11,5,Repub,1,5,23,11,0
20000127,1,MD,female,3,1,5,6,3,NA,NA,NA,3,3988,6,3988,0
20000123,1,WA,male,5,1,9,11,7,NA,NA,Dem,2,3988,11,3988,1
20000125,1,MI,male,1,5,3,18,7,NA,NA,Dem,2,3988,18,3988,1
20000127,1,VA,female,4,1,5,23,3,4,13,Dem,2,13,23,4,1
20000127,1,SC,male,4,1,5,7,3,NA,NA,Repub,1,3988,7,3988,0
20000127,1,FL,female,3,1,5,7,3,12,11,Repub,1,11,7,12,0
20000129,1,OH,male,9,1,3,27,3,NA,NA,Dem,2,3988,27,3988,1
20000123,1,TN,female,6,2,6,21,8,NA,NA,Dem,2,3988,21,3988,1
20000127,1,OH,male,5,4,3,21,6,NA,NA,Repub,1,3988,21,3988,0
20000127,1,NJ,male,7,1,2,8,9,NA,NA,Dem,2,3988,8,3988,1
20000129,1,NC,male,4,4,5,0,7,NA,NA,Repub,1,3988,0,3988,0
20000123,1,OK,female,5,7,7,18,8,NA,NA,Dem,2,3988,18,3988,1
20000128,1,TX,male,1,1,7,11,1,4,5,NA,997,5,11,4,0
20000129,1,CA,female,5,1,9,22,6,NA,NA,Repub,1,3988,22,3988,0
20000126,1,WV,female,6,6,5,11,3,NA,NA,Repub,1,3988,11,3988,0
20000124,1,NC,female,3,4,5,14,6,NA,NA,Repub,1,3988,14,3988,0
20000125,1,NH,male,3,1,1,18,5,NA,NA,Dem,2,3988,18,3988,1
20000125,1,NC,male,7,4,5,15,9,NA,NA,Repub,1,3988,15,3988,0
20000124,1,MO,male,5,1,4,19,5,NA,NA,Dem,2,3988,19,3988,1
20000125,1,MN,female,3,1,4,25,6,NA,NA,Dem,2,2996,25,3992,1
20000127,1,TN,male,4,1,6,22,7,NA,NA,Dem,2,3988,22,3988,1
20000125,1,OR,male,5,1,9,14,3,12,9,Repub,1,9,14,12,0
20000126,1,CA,male,6,1,9,22,3,NA,NA,Repub,1,3988,22,3988,0
20000129,1,CA,male,7,1,9,30,5,NA,NA,Repub,1,3988,30,3988,0
20000126,1,KY,female,5,2,6,25,5,NA,NA,NA,997,3988,25,3988,0
20000123,1,MO,female,5,2,4,16,6,NA,NA,Repub,1,3988,16,3988,0
20000126,1,MN,male,6,1,4,8,9,NA,NA,Dem,2,3988,8,3988,1
20000125,1,ID,male,6,1,8,16,3,NA,NA,Repub,1,3988,16,3988,0
20000127,1,CA,female,NA,4,9,18,6,NA,NA,Repub,1,3988,18,3988,0
20000127,1,CA,male,2,4,9,35,2,NA,NA,NA,3,3988,35,3988,0
20000123,1,TN,male,4,1,6,12,5,NA,NA,Dem,2,3988,12,3988,1
20000128,1,FL,male,8,1,5,28,9,NA,NA,Dem,2,3988,28,3988,1
20000127,1,GA,male,3,1,5,25,3,NA,NA,Repub,1,3988,25,3988,0
20000124,1,TX,female,7,3,7,8,2,11,9,Repub,1,9,8,11,0
20000124,1,PA,female,NA,4,2,17,3,15,5,Repub,1,5,17,15,0
20000126,1,TX,female,4,1,7,21,6,NA,NA,Dem,2,3988,21,3988,1
20000127,1,GA,female,2,1,5,12,6,NA,NA,Dem,2,3988,12,3988,1
20000127,1,NC,male,4,1,5,22,3,4,13,Dem,2,13,22,4,1
20000126,1,OK,male,7,1,7,23,9,NA,NA,Repub,1,3988,23,3988,0
20000129,1,MN,female,6,1,4,7,8,NA,NA,Dem,2,3988,7,3988,1
20000129,1,TX,female,NA,4,7,20,3,NA,NA,Repub,1,3988,20,3988,0
20000123,1,GA,female,9,1,5,11,7,15,7,Repub,1,7,11,15,0
20000123,1,LA,female,3,1,7,2,5,NA,NA,Repub,1,3988,2,3988,0
20000125,1,TN,male,2,5,6,21,3,NA,NA,Repub,1,3988,21,3988,0
20000127,1,TN,female,3,4,6,21,5,NA,NA,Dem,2,3988,21,3988,1
20000123,1,TX,female,5,1,7,2,5,NA,4,Repub,1,4,2,1010,0
20000124,1,NM,female,1,4,8,9,3,7,11,Dem,2,11,9,7,1
20000127,1,CA,female,NA,1,9,17,5,NA,NA,Repub,1,3988,17,3988,0
20000124,1,CA,female,5,1,9,15,3,10,12,Dem,2,12,15,10,1
20000126,1,FL,female,8,1,5,22,3,9,6,Repub,1,6,22,9,0
20000124,1,LA,female,7,1,7,21,9,NA,NA,Repub,1,3988,21,3988,0
20000129,1,AZ,male,2,4,8,26,3,NA,NA,Dem,2,3988,26,3988,1
20000124,1,CA,female,9,1,9,16,7,6,8,Repub,1,8,16,6,0
20000123,1,CA,female,NA,3,9,2,3,NA,NA,Repub,1,3988,2,3988,0
20000125,1,PA,male,5,1,2,22,5,NA,NA,Dem,2,3988,22,3988,1
20000127,1,OH,male,5,5,3,14,9,NA,NA,Repub,1,3988,14,3988,0
20000129,1,PA,male,7,1,2,17,7,NA,NA,Repub,1,3988,17,3988,0
20000126,1,OR,female,4,4,9,6,5,NA,NA,Repub,1,3988,6,3988,0
20000123,1,NJ,male,6,1,2,1,2,NA,NA,NA,3,3988,1,3988,0
20000123,1,TX,female,NA,4,7,19,7,6,5,Repub,1,5,19,6,0
20000128,1,IL,female,NA,6,3,0,1,NA,NA,NA,997,3992,0,3964,0
20000124,1,TX,female,8,1,7,17,9,NA,NA,Dem,2,3988,17,3988,1
20000125,1,KS,male,4,1,4,15,6,NA,NA,Dem,2,3988,15,3988,1
20000127,1,CO,female,8,1,8,23,7,NA,NA,Repub,1,3988,23,3988,0
20000129,1,CT,male,4,1,1,11,7,NA,NA,NA,997,3988,11,3988,0
20000129,1,TX,female,4,7,7,1,8,NA,NA,Repub,1,3988,1,3988,0
20000129,1,TX,male,7,1,7,21,5,NA,NA,Repub,1,3988,21,3988,0
20000127,1,AZ,female,5,1,8,14,5,6,11,Dem,2,11,14,6,1
20000125,1,NY,male,9,1,2,9,9,NA,NA,Dem,2,3988,9,3988,1
20000129,1,NJ,male,5,4,2,22,7,NA,NA,Dem,2,3988,22,3988,1
20000124,1,IA,female,2,1,4,14,6,4,8,Dem,2,8,14,4,1
20000124,1,KS,male,5,1,4,17,5,10,NA,Dem,2,1006,17,10,1
20000124,1,WA,male,9,1,9,21,7,13,9,Repub,1,9,21,13,0
20000125,1,CA,female,4,1,9,17,3,NA,NA,Repub,1,1005,17,3992,0
20000128,1,TN,male,6,1,6,19,7,13,10,Repub,1,10,19,13,0
20000128,1,TX,female,3,2,7,10,2,NA,NA,Repub,1,3988,10,3988,0
20000124,1,TX,male,7,1,7,22,7,NA,NA,Dem,2,3988,22,3988,1
20000123,1,IL,male,NA,1,3,17,3,NA,NA,Repub,1,3988,17,3988,0
20000128,1,NY,male,2,1,2,21,6,NA,NA,Dem,2,3988,21,3988,1
20000124,1,CT,male,1,5,1,33,9,11,12,Repub,1,12,33,11,0
20000124,1,IA,female,2,4,4,0,9,12,12,NA,3,12,0,12,0
20000123,1,TX,male,7,1,7,16,5,NA,NA,Repub,1,3988,16,3988,0
20000126,1,IL,male,6,1,3,18,5,NA,NA,Repub,1,3988,18,3988,0
20000124,1,AZ,female,5,4,8,29,3,10,12,Repub,1,12,29,10,0
20000125,1,CA,male,5,1,9,14,3,NA,NA,Repub,1,3988,14,3988,0
20000125,1,MD,female,4,1,5,22,2,NA,NA,Repub,1,3988,22,3988,0
20000129,1,OH,male,5,1,3,18,3,NA,NA,Dem,2,3988,18,3988,1
20000126,1,PA,female,1,5,2,12,3,NA,NA,Repub,1,3988,12,3988,0
20000127,1,MA,female,2,2,1,21,3,NA,NA,NA,997,3988,21,3988,0
20000123,1,MN,female,4,4,4,22,6,NA,NA,NA,4,3988,22,3988,0
20000129,1,CO,female,6,1,8,12,7,NA,NA,Dem,2,3988,12,3988,1
20000124,1,AZ,female,6,4,8,31,7,16,4,Repub,1,4,31,16,0
20000126,1,MA,male,1,7,1,20,5,NA,NA,Dem,2,3988,20,3988,1
20000128,1,UT,male,8,1,8,11,3,13,10,Repub,1,10,11,13,0
20000126,1,MI,female,3,1,3,3,3,NA,NA,Repub,1,3988,3,3988,0
20000127,1,FL,female,4,1,5,9,5,NA,NA,Repub,1,3988,9,3988,0
20000123,1,TX,male,NA,1,7,13,3,10,8,Repub,1,8,13,10,0
20000124,1,WI,female,6,1,3,16,7,NA,NA,Dem,2,3988,16,3988,1
20000123,1,CA,male,9,1,9,16,5,NA,NA,Dem,2,3988,16,3988,1
20000123,1,PA,female,4,1,2,0,4,NA,NA,Dem,2,3988,0,3988,1
20000124,1,NJ,female,6,1,2,29,8,14,15,NA,3,15,29,14,0
20000127,1,IN,male,3,1,3,5,7,NA,NA,Repub,1,3988,5,3988,0
20000125,1,TX,male,5,1,7,23,5,NA,NA,Repub,1,3988,23,3988,0
20000128,1,MN,male,6,4,4,20,5,NA,NA,NA,3,3988,20,3988,0
20000126,1,CA,female,8,8,9,11,5,NA,NA,Dem,2,3988,11,3988,1
20000123,1,MD,male,7,1,5,13,5,NA,NA,NA,997,3988,13,3988,0
20000126,1,VA,male,5,1,5,9,3,12,10,Repub,1,10,9,12,0
20000126,1,NH,female,2,1,1,NA,2,NA,NA,NA,997,3988,998,3988,0
20000123,1,NC,male,7,1,5,9,3,NA,NA,Dem,2,3988,9,3988,1
20000125,1,TX,female,NA,6,7,7,1,NA,NA,NA,3,1004,7,3964,0
20000126,1,TX,male,6,1,7,16,7,15,7,Repub,1,7,16,15,0
20000125,1,SD,male,6,1,4,24,9,NA,NA,Repub,1,3988,24,3988,0
20000129,1,MN,female,3,1,4,13,3,NA,NA,Repub,1,3988,13,3988,0
20000127,1,CA,female,3,6,9,5,1,NA,NA,Repub,1,3988,5,3988,0
20000125,1,MD,male,7,1,5,28,6,NA,NA,Repub,1,3988,28,3988,0
20000124,1,PA,male,3,1,2,17,3,NA,NA,Repub,1,3964,17,3964,0
20000128,1,TX,female,6,1,7,25,3,16,14,Repub,1,14,25,16,0
20000125,1,MO,male,7,4,4,14,7,NA,NA,Dem,2,3988,14,3988,1
20000127,1,MN,male,7,4,4,17,3,NA,NA,Dem,2,3964,17,1003,1
20000126,1,CO,male,5,1,8,11,3,NA,NA,Repub,1,3988,11,3988,0
20000127,1,CT,female,5,6,1,22,3,NA,NA,Repub,1,3988,22,3988,0
20000129,1,NC,female,5,1,5,21,7,13,11,Repub,1,11,21,13,0
20000126,1,NH,female,3,1,1,17,7,NA,NA,Dem,2,3988,17,3988,1
20000123,1,NJ,female,NA,1,2,19,7,NA,NA,NA,3,3988,19,3988,0
20000123,1,OH,male,3,4,3,8,3,NA,NA,Dem,2,3988,8,3988,1
20000123,1,TX,female,5,1,7,10,5,NA,NA,NA,997,3988,10,3988,0
20000125,1,AZ,female,3,1,8,19,5,NA,NA,Repub,1,3988,19,3988,0
20000126,1,AZ,female,1,1,8,15,2,NA,NA,Dem,2,3988,15,3988,1
20000124,1,TX,male,7,1,7,14,9,NA,NA,Repub,1,3988,14,3988,0
20000128,1,TX,male,1,7,7,2,5,NA,NA,Repub,1,3988,2,3988,0
20000124,1,OH,female,NA,4,3,17,1,NA,NA,Repub,1,3988,17,3988,0
20000124,1,IA,male,8,1,4,9,7,NA,NA,Repub,1,3988,9,3988,0
20000125,1,TX,female,3,6,7,16,5,NA,NA,Repub,1,3988,16,3988,0
20000126,1,CA,male,8,1,9,19,9,12,12,Repub,1,12,19,12,0
20000126,1,CA,male,4,1,9,4,1,NA,NA,Repub,1,3988,4,3988,0
20000128,1,PA,male,6,1,2,12,9,NA,NA,Repub,1,3988,12,3988,0
20000124,1,FL,male,7,1,5,26,5,NA,NA,Repub,1,3988,26,3988,0
20000124,1,TX,male,6,1,7,19,7,NA,NA,Repub,1,3988,19,3988,0
20000126,1,CA,female,5,2,9,28,8,NA,NA,Dem,2,3988,28,3988,1
20000123,1,OH,male,2,4,3,32,3,8,4,Repub,1,4,32,8,0
20000125,1,VA,female,3,2,5,3,7,NA,NA,NA,997,3988,3,3988,0
20000125,1,OH,male,4,1,3,21,3,12,8,Repub,1,8,21,12,0
20000123,1,KS,female,2,1,4,20,3,16,NA,Repub,1,1003,20,16,0
20000128,1,TX,male,3,1,7,9,3,NA,8,Repub,1,8,9,3992,0
20000128,1,CA,female,6,1,9,14,7,10,10,Dem,2,10,14,10,1
20000129,1,OH,male,4,1,3,10,3,8,8,Dem,2,8,10,8,1
20000127,1,TN,female,7,1,6,25,4,NA,NA,Dem,2,3988,25,3988,1
20000127,1,VA,female,7,2,5,11,5,NA,NA,Dem,2,3988,11,3988,1
20000123,1,GA,female,6,1,5,12,9,NA,NA,Dem,2,3988,12,3988,1
20000123,1,AL,female,7,1,6,9,3,13,4,Repub,1,4,9,13,0
20000128,1,LA,male,1,5,7,21,1,NA,NA,NA,997,3988,21,3988,0
20000127,1,MO,male,5,1,4,11,4,12,12,Repub,1,12,11,12,0
20000128,1,MO,male,7,1,4,18,8,13,8,Repub,1,8,18,13,0
20000126,1,NJ,male,8,4,2,28,7,11,10,Repub,1,10,28,11,0
20000128,1,TN,male,5,1,6,19,9,10,4,Repub,1,4,19,10,0
20000125,1,KS,male,5,1,4,15,5,8,9,Dem,2,9,15,8,1
20000124,1,CA,male,4,3,9,20,3,NA,NA,NA,997,3988,20,3988,0
20000123,1,TX,female,4,1,7,17,3,NA,NA,Repub,1,3988,17,3988,0
20000126,1,TX,male,4,1,7,11,3,NA,NA,Repub,1,3988,11,3988,0
20000124,1,CA,female,9,2,9,12,7,14,11,Dem,2,11,12,14,1
20000123,1,VA,female,2,1,5,5,3,NA,NA,Repub,1,3988,5,3988,0
20000125,1,GA,male,6,1,5,20,9,11,11,Repub,1,11,20,11,0
20000125,1,TN,male,4,1,6,25,3,NA,NA,Repub,1,3988,25,3988,0
20000124,1,TX,male,3,1,7,14,7,11,10,Repub,1,10,14,11,0
20000124,1,AZ,male,2,4,8,17,3,11,12,Dem,2,12,17,11,1
20000127,1,CA,female,1,7,9,13,7,NA,NA,Dem,2,3988,13,3988,1
20000126,1,SC,female,2,2,5,25,3,16,4,Repub,1,4,25,16,0
20000125,1,NC,female,2,1,5,15,5,NA,10,Repub,1,10,15,1007,0
20000127,1,LA,female,NA,2,7,19,NA,NA,NA,Dem,2,3988,19,3988,1
20000125,1,IA,male,4,4,4,14,7,14,8,Repub,1,8,14,14,0
20000125,1,OK,male,2,4,7,7,3,NA,NA,Repub,1,3988,7,3988,0
20000123,1,IL,male,8,1,3,20,7,NA,NA,Repub,1,3988,20,3988,0
20000124,1,MO,male,3,1,4,16,3,NA,NA,Dem,2,3988,16,3988,1
20000126,1,TX,male,5,1,7,22,6,NA,NA,Repub,1,3988,22,3988,0
20000124,1,AZ,male,4,4,8,33,2,14,11,Repub,1,11,33,14,0
20000126,1,NJ,male,6,4,2,21,5,NA,NA,Repub,1,3988,21,3988,0
20000126,1,IA,male,7,1,4,21,7,NA,NA,Repub,1,3988,21,3988,0
20000126,1,IL,female,2,1,3,21,7,16,6,Repub,1,6,21,16,0
20000125,1,NY,female,7,1,2,16,9,8,10,Dem,2,10,16,8,1
20000126,1,CT,male,6,1,1,10,7,NA,NA,Repub,1,3988,10,3988,0
20000123,1,WI,female,6,1,3,17,9,8,11,Dem,2,11,17,8,1
20000123,1,MN,male,6,1,4,18,7,NA,NA,NA,4,3988,18,3988,0
20000125,1,KS,female,NA,1,4,21,5,NA,9,Repub,1,9,21,3964,0
20000124,1,AZ,male,2,4,8,15,3,NA,NA,Dem,2,3988,15,3988,1
20000124,1,WA,female,6,4,9,21,5,NA,NA,Repub,1,3988,21,3988,0
20000124,1,NC,male,5,3,5,18,4,12,12,Repub,1,12,18,12,0
20000125,1,GA,male,7,4,5,22,5,6,4,Repub,1,4,22,6,0
20000125,1,MA,male,9,1,1,16,7,NA,NA,Dem,2,3988,16,3988,1
20000126,1,MI,male,3,1,3,7,3,NA,NA,Repub,1,3988,7,3988,0
20000127,1,TX,male,1,1,7,9,2,NA,NA,Repub,1,3988,9,3988,0
20000126,1,IA,female,5,6,4,19,6,NA,NA,Dem,2,3988,19,3988,1
20000128,1,MN,female,4,1,4,2,6,NA,NA,Repub,1,3988,2,3988,0
20000124,1,OK,female,4,2,7,28,5,NA,NA,Repub,1,3988,28,3988,0
20000126,1,CO,male,4,5,8,15,3,NA,NA,Repub,1,3988,15,3988,0
20000126,1,CA,male,8,1,9,14,8,NA,NA,Dem,2,3988,14,3988,1
20000123,1,CA,female,4,6,9,28,6,NA,NA,Dem,2,3988,28,3988,1
20000126,1,PA,male,8,1,2,2,9,NA,NA,Repub,1,3988,2,3988,0
20000123,1,KY,female,1,7,6,20,5,NA,NA,Dem,2,3988,20,3988,1
20000126,1,NE,male,6,4,4,23,3,NA,NA,Repub,1,3988,23,3988,0
20000125,1,CO,female,6,7,8,7,5,NA,NA,Repub,1,3988,7,3988,0
20000126,1,CA,female,9,2,9,17,3,NA,NA,Repub,1,3988,17,3988,0
20000127,1,CA,female,6,1,9,6,9,NA,NA,Repub,1,3988,6,3988,0
20000127,1,CA,male,NA,1,9,23,9,NA,NA,Repub,1,3988,23,3988,0
20000124,1,CA,male,NA,2,9,11,5,NA,NA,Dem,2,3988,11,3988,1
20000127,1,VA,male,5,4,5,28,9,7,8,NA,997,8,28,7,0
20000125,1,NY,male,4,1,2,3,5,15,9,Repub,1,9,3,15,0
20000124,1,AL,female,NA,4,6,28,3,NA,NA,Dem,2,3988,28,3988,1
20000123,1,SD,female,3,4,4,19,5,NA,NA,Dem,2,3988,19,3988,1
20000129,1,WV,female,5,4,5,24,5,NA,NA,Dem,2,3988,24,3988,1
20000127,1,FL,female,NA,6,5,14,5,NA,NA,NA,997,3964,14,3964,0
20000123,1,NC,male,7,1,5,14,3,NA,NA,Dem,2,3988,14,3988,1
20000125,1,GA,male,7,1,5,13,4,14,6,Repub,1,6,13,14,0
20000128,1,OH,male,7,1,3,13,9,10,8,Repub,1,8,13,10,0
20000126,1,TX,male,1,7,7,28,6,NA,NA,Dem,2,3988,28,3988,1
20000123,1,WI,female,6,6,3,14,3,14,7,Repub,1,7,14,14,0
20000125,1,CO,female,NA,4,8,13,9,9,15,Dem,2,15,13,9,1
20000124,1,VA,male,5,7,5,9,5,NA,NA,Repub,1,3988,9,3988,0
20000128,1,GA,male,1,1,5,5,1,NA,NA,NA,997,3988,5,3988,0
20000127,1,NV,male,6,2,8,20,7,NA,NA,Dem,2,3988,20,3988,1
20000123,1,NC,male,5,1,5,9,3,NA,NA,NA,997,3988,9,3988,0
20000127,1,FL,female,3,7,5,11,2,NA,NA,Repub,1,3988,11,3988,0
20000125,1,VA,male,NA,4,5,14,1,NA,NA,Repub,1,3988,14,3988,0
20000123,1,VT,female,4,1,1,27,6,NA,NA,Dem,2,3988,27,3988,1
20000127,1,MI,male,3,1,3,9,3,NA,NA,Dem,2,3988,9,3988,1
20000123,1,KS,male,6,1,4,20,3,9,8,Repub,1,8,20,9,0
20000123,1,WI,male,1,4,3,7,3,NA,NA,Repub,1,3988,7,3988,0
20000127,1,FL,female,1,2,5,23,2,14,7,Repub,1,7,23,14,0
20000124,1,NY,female,6,4,2,16,4,NA,NA,Repub,1,3988,16,3988,0
20000125,1,MA,female,8,6,1,20,3,8,11,Dem,2,11,20,8,1
20000127,1,OK,female,6,1,7,19,9,NA,NA,Dem,2,3988,19,3988,1
20000126,1,IL,female,8,3,3,17,9,NA,NA,NA,3,3988,17,3988,0
20000125,1,IL,female,5,7,3,13,7,NA,NA,Dem,2,3988,13,3988,1
20000124,1,WI,female,3,4,3,13,4,NA,NA,Dem,2,3988,13,3988,1
20000126,1,CO,female,7,2,8,15,7,NA,NA,Repub,1,3988,15,3988,0
20000124,1,CA,male,5,1,9,16,6,NA,NA,Repub,1,3988,16,3988,0
20000123,1,NY,female,4,4,2,22,7,NA,NA,Repub,1,3988,22,3988,0
20000123,1,FL,female,4,1,5,15,2,NA,NA,Dem,2,3988,15,3988,1
20000125,1,MA,female,2,4,1,23,5,NA,NA,Dem,2,3988,23,3988,1
20000128,1,CA,female,4,1,9,10,6,NA,NA,Dem,2,3988,10,3988,1
20000124,1,CA,female,1,4,9,12,5,NA,NA,Dem,2,3988,12,3988,1
20000127,1,DE,male,8,1,5,22,7,NA,NA,Repub,1,3988,22,3988,0
20000123,1,NY,male,6,1,2,12,7,13,9,Repub,1,9,12,13,0
20000127,1,KY,female,6,1,6,20,6,10,8,Repub,1,8,20,10,0
20000124,1,MA,female,9,2,1,8,9,9,13,Dem,2,13,8,9,1
20000124,1,ID,male,6,1,8,15,7,NA,NA,Dem,2,3988,15,3988,1
20000126,1,CA,male,2,1,9,15,4,NA,NA,Repub,1,3988,15,3988,0
20000124,1,CA,female,3,1,9,4,9,NA,NA,Dem,2,3988,4,3988,1
20000127,1,PA,female,5,1,2,29,7,7,8,Dem,2,8,29,7,1
20000127,1,NY,female,4,3,2,17,3,NA,NA,Repub,1,3988,17,3988,0
20000123,1,OH,male,NA,2,3,13,2,7,11,Dem,2,11,13,7,1
20000126,1,IN,female,6,1,3,16,7,10,8,Repub,1,8,16,10,0
20000124,1,KS,male,1,2,4,13,5,NA,NA,Dem,2,3988,13,3988,1
20000127,1,PA,female,1,1,2,19,3,8,NA,Dem,2,3964,19,8,1
20000126,1,IL,female,1,4,3,13,3,NA,NA,Dem,2,3988,13,3988,1
20000127,1,IN,male,5,1,3,16,9,14,8,Repub,1,8,16,14,0
20000126,1,NM,female,2,2,8,5,3,7,NA,Dem,2,1001,5,7,1
20000128,1,NV,female,NA,4,8,21,6,NA,NA,Repub,1,2996,21,2997,0
20000126,1,MI,male,3,5,3,18,3,NA,NA,Dem,2,3988,18,3988,1
20000126,1,NC,male,9,1,5,23,9,NA,NA,Repub,1,3988,23,3988,0
20000124,1,TX,female,7,1,7,19,2,NA,NA,Repub,1,3988,19,3988,0
20000129,1,KS,female,NA,6,4,14,7,NA,NA,Repub,1,3988,14,3988,0
20000124,1,WI,male,5,1,3,9,6,NA,NA,Dem,2,3988,9,3988,1
20000126,1,SD,male,4,1,4,21,3,NA,NA,Repub,1,3988,21,3988,0
20000125,1,TX,female,5,1,7,15,6,NA,NA,Dem,2,3988,15,3988,1
20000125,1,OR,male,6,1,9,9,6,NA,NA,Dem,2,3988,9,3988,1
20000127,1,CA,male,3,1,9,9,6,NA,NA,Dem,2,3988,9,3988,1
20000127,1,NH,male,4,2,1,21,6,NA,NA,Repub,1,3988,21,3988,0
20000129,1,TX,male,8,1,7,19,9,10,8,Repub,1,8,19,10,0
20000123,1,WI,female,5,1,3,15,6,NA,NA,Repub,1,3988,15,3988,0
20000127,1,ND,female,3,1,4,6,5,NA,NA,Dem,2,3988,6,3988,1
20000126,1,NC,female,4,6,5,14,5,NA,NA,Dem,2,3988,14,3988,1
20000125,1,IN,female,3,2,3,14,4,NA,NA,NA,997,3988,14,3988,0
20000129,1,MN,female,8,1,4,NA,3,NA,NA,NA,997,3988,1019,3988,0
20000125,1,UT,female,5,6,8,1,3,NA,7,Repub,1,7,1,3964,0
20000123,1,CA,male,8,1,9,22,7,NA,NA,Dem,2,3988,22,3988,1
20000123,1,CT,male,8,1,1,19,7,14,6,Repub,1,6,19,14,0
20000126,1,NY,male,7,4,2,7,8,NA,NA,Dem,2,3988,7,3988,1
20000123,1,NC,male,4,1,5,26,3,9,5,Repub,1,5,26,9,0
20000125,1,NY,female,8,1,2,19,5,10,9,Repub,1,9,19,10,0
20000125,1,MO,male,5,5,4,21,5,6,8,Dem,2,8,21,6,1
20000124,1,SD,male,5,1,4,32,1,NA,NA,Repub,1,3988,32,3988,0
20000124,1,CO,male,6,1,8,10,7,NA,NA,NA,4,3988,10,3988,0
20000128,1,CA,female,NA,8,9,0,1,NA,NA,NA,997,3964,0,3964,0
20000125,1,DE,male,5,1,5,13,7,NA,NA,Dem,2,3988,13,3988,1
20000123,1,RI,male,7,1,1,27,7,7,9,Dem,2,9,27,7,1
20000123,1,VT,male,5,1,1,4,3,NA,NA,Repub,1,3988,4,3988,0
20000126,1,SC,male,4,1,5,28,6,NA,NA,Dem,2,3988,28,3988,1
20000128,1,MO,female,1,4,4,16,5,NA,NA,Dem,2,3988,16,3988,1
20000127,1,CA,male,8,1,9,14,6,NA,NA,Repub,1,3988,14,3988,0
20000125,1,PA,male,7,1,2,18,3,NA,NA,Dem,2,3988,18,3988,1
20000123,1,SC,female,7,2,5,14,3,NA,NA,Dem,2,3988,14,3988,1
20000129,1,WI,male,7,1,3,2,6,NA,NA,Repub,1,3988,2,3988,0
20000123,1,CA,male,NA,1,9,11,3,NA,NA,Repub,1,3988,11,3988,0
20000126,1,OR,female,NA,6,9,15,2,NA,10,Repub,1,10,15,3964,0
20000126,1,CA,male,1,2,9,8,1,NA,NA,Dem,2,3988,8,3988,1
20000123,1,PA,female,NA,1,2,11,7,NA,NA,Repub,1,3988,11,3988,0
20000124,1,IL,female,1,5,3,16,3,NA,NA,Dem,2,3988,16,3988,1
20000124,1,FL,male,5,1,5,23,3,NA,NA,Dem,2,3988,23,3988,1
20000127,1,CA,female,5,1,9,12,9,NA,NA,Dem,2,3988,12,3988,1
20000125,1,RI,male,5,1,1,9,2,NA,13,NA,997,13,9,2000,0
20000127,1,KY,female,1,1,6,20,3,NA,NA,Dem,2,3988,20,3988,1
20000127,1,NY,female,2,3,2,21,1,NA,7,Repub,1,7,21,3964,0
20000123,1,AR,male,4,1,7,8,3,12,8,Repub,1,8,8,12,0
20000124,1,TX,female,1,4,7,7,2,NA,NA,Repub,1,3988,7,3988,0
20000127,1,OK,female,3,1,7,17,6,NA,NA,Repub,1,3988,17,3988,0
20000125,1,CO,female,2,2,8,15,5,8,8,Dem,2,8,15,8,1
20000125,1,UT,female,7,2,8,12,5,NA,NA,Repub,1,3988,12,3988,0
20000127,1,OH,female,3,8,3,12,1,NA,NA,Dem,2,3964,12,3964,1
20000128,1,MA,male,3,4,1,28,3,11,NA,NA,997,1003,28,11,0
20000123,1,GA,male,5,1,5,11,9,11,6,Repub,1,6,11,11,0
20000124,1,NY,female,6,1,2,28,7,NA,NA,Dem,2,3988,28,3988,1
20000125,1,LA,male,1,2,7,28,5,13,12,NA,4,12,28,13,0
20000125,1,MS,female,5,2,6,24,9,NA,NA,Repub,1,3988,24,3988,0
20000125,1,WA,female,NA,1,9,9,6,NA,NA,Dem,2,1006,9,1007,1
20000126,1,OR,male,3,4,9,18,3,NA,NA,Repub,1,3988,18,3988,0
20000126,1,MD,female,5,2,5,31,3,NA,NA,Dem,2,3988,31,3988,1
20000126,1,MI,female,6,1,3,4,9,NA,NA,Dem,2,3988,4,3988,1
20000123,1,MI,male,6,1,3,5,5,NA,NA,Repub,1,1003,5,1007,0
20000129,1,NC,female,4,1,5,8,6,NA,NA,Dem,2,3988,8,3988,1
20000126,1,CO,male,5,1,8,9,9,NA,NA,Repub,1,3988,9,3988,0
20000125,1,DE,female,NA,2,5,4,3,NA,NA,NA,997,3988,4,3988,0
20000126,1,MI,female,4,1,3,32,5,NA,NA,NA,997,3988,32,3988,0
20000127,1,NJ,male,8,1,2,21,7,12,11,NA,3,11,21,12,0
20000127,1,TX,female,3,1,7,14,6,NA,NA,Dem,2,3988,14,3988,1
20000123,1,MO,female,2,1,4,16,5,8,11,Repub,1,11,16,8,0
20000128,1,AZ,female,4,4,8,16,5,NA,NA,Repub,1,3988,16,3988,0
20000126,1,MI,female,6,1,3,13,7,NA,NA,Repub,1,3988,13,3988,0
20000125,1,VA,female,8,2,5,20,3,NA,NA,Repub,1,3988,20,3988,0
20000127,1,VA,male,6,8,5,31,6,NA,NA,Dem,2,3988,31,3988,1
20000127,1,TX,female,3,7,7,4,2,11,8,Repub,1,8,4,11,0
20000124,1,TX,male,4,1,7,3,5,NA,NA,Repub,1,3988,3,3988,0
20000129,1,NY,female,1,3,2,18,6,NA,NA,Dem,2,3988,18,3988,1
20000127,1,FL,male,3,4,5,28,5,NA,NA,Dem,2,3988,28,3988,1
20000127,1,KY,female,NA,1,6,16,3,NA,7,Repub,1,7,16,1007,0
20000125,1,IN,female,2,4,3,21,3,8,12,Dem,2,12,21,8,1
20000124,1,IN,male,6,1,3,25,3,9,7,Repub,1,7,25,9,0
20000124,1,KS,male,6,1,4,28,6,NA,NA,Repub,1,3988,28,3988,0
20000127,1,MO,male,4,1,4,7,3,NA,NA,Repub,1,3988,7,3988,0
20000125,1,CA,female,NA,1,9,0,2,10,11,Repub,1,11,0,10,0
20000125,1,CT,female,5,3,1,33,7,NA,NA,Repub,1,3988,33,3988,0
20000127,1,NY,male,6,4,2,17,7,NA,NA,Dem,2,3988,17,3988,1
20000129,1,FL,female,3,1,5,17,3,NA,NA,Repub,1,3988,17,3988,0
20000127,1,MD,male,6,1,5,30,3,8,11,Dem,2,11,30,8,1
20000124,1,OH,female,6,3,3,11,3,NA,NA,Dem,2,3988,11,3988,1
20000129,1,FL,female,3,1,5,21,3,7,10,Dem,2,10,21,7,1
20000126,1,OH,male,6,3,3,25,3,NA,NA,Dem,2,3988,25,3988,1
20000128,1,MA,female,7,4,1,19,6,NA,NA,Repub,1,3988,19,3988,0
20000129,1,TX,male,5,1,7,11,6,10,10,Repub,1,10,11,10,0
20000126,1,NE,female,5,4,4,28,3,NA,NA,Repub,1,3988,28,3988,0
20000127,1,TX,male,5,1,7,17,3,NA,NA,NA,997,3988,17,3988,0
20000123,1,TN,male,8,1,6,24,8,NA,NA,Repub,1,3988,24,3988,0
20000127,1,AZ,male,8,1,8,19,9,12,7,Repub,1,7,19,12,0
20000127,1,CA,female,5,1,9,17,3,NA,NA,Dem,2,3964,17,3964,1
20000125,1,TN,male,4,1,6,0,2,NA,NA,Repub,1,3988,0,3988,0
20000129,1,FL,female,3,1,5,20,3,NA,NA,Dem,2,3988,20,3988,1
20000124,1,FL,female,5,1,5,13,5,9,12,Dem,2,12,13,9,1
20000126,1,IN,female,5,1,3,7,3,NA,NA,Repub,1,3988,7,3988,0
20000125,1,KS,female,2,2,4,8,5,NA,NA,Dem,2,3988,8,3988,1
20000126,1,DE,male,3,1,5,20,3,NA,NA,Dem,2,3988,20,3988,1
20000125,1,NY,male,9,4,2,16,7,8,8,Repub,1,8,16,8,0
20000124,1,IN,female,1,1,3,2,5,NA,NA,NA,3,3988,2,3988,0
20000123,1,IA,female,7,4,4,25,7,10,10,Repub,1,10,25,10,0
20000129,1,OK,female,5,1,7,11,5,NA,NA,NA,3,3988,11,3988,0
20000127,1,CA,male,NA,4,9,28,5,NA,NA,Repub,1,1006,28,1007,0
20000128,1,CT,female,8,1,1,25,7,NA,NA,Dem,2,3988,25,3988,1
20000127,1,PA,female,5,1,2,5,9,10,15,Dem,2,15,5,10,1
20000125,1,GA,male,5,1,5,9,5,9,9,Repub,1,9,9,9,0
20000129,1,MA,female,7,2,1,12,7,9,13,Dem,2,13,12,9,1
20000129,1,GA,male,6,1,5,3,3,14,13,Repub,1,13,3,14,0
20000125,1,KY,female,4,4,6,14,1,8,8,Dem,2,8,14,8,1
20000124,1,AL,male,6,1,6,17,6,NA,NA,Repub,1,3988,17,3988,0
20000124,1,TX,male,NA,4,7,17,5,NA,7,Repub,1,7,17,1004,0
20000126,1,AZ,female,7,6,8,14,1,NA,NA,Dem,2,3988,14,3988,1
20000125,1,MI,male,5,1,3,18,3,NA,NA,Dem,2,3988,18,3988,1
20000126,1,NY,male,6,1,2,28,3,NA,NA,Repub,1,3988,28,3988,0
20000127,1,NJ,male,5,2,2,13,3,7,7,Repub,1,7,13,7,0
20000125,1,MA,female,8,1,1,31,8,12,13,Repub,1,13,31,12,0
20000129,1,MO,female,6,4,4,20,7,NA,NA,Dem,2,3988,20,3988,1
20000124,1,NC,male,5,1,5,14,7,NA,NA,Repub,1,3988,14,3988,0
20000126,1,MA,female,7,6,1,28,7,NA,NA,Repub,1,3988,28,3988,0
20000125,1,NC,female,4,2,5,12,2,NA,NA,Dem,2,3988,12,3988,1
20000125,1,AL,female,6,1,6,4,5,NA,NA,Repub,1,3988,4,3988,0
20000125,1,TX,female,5,1,7,13,8,NA,NA,Repub,1,3988,13,3988,0
20000125,1,TX,female,3,1,7,28,3,9,7,Repub,1,7,28,9,0
20000128,1,TX,female,3,4,7,12,2,13,4,Repub,1,4,12,13,0
20000124,1,MI,male,2,4,3,22,4,NA,NA,Repub,1,3988,22,3988,0
20000128,1,OH,male,2,4,3,21,1,4,NA,Dem,2,3964,21,4,1
20000124,1,FL,female,7,1,5,0,5,NA,NA,Dem,2,3988,0,3988,1
20000126,1,VA,male,2,2,5,21,1,16,6,Repub,1,6,21,16,0
20000124,1,NC,male,3,1,5,10,2,NA,NA,Repub,1,3988,10,3988,0
20000127,1,GA,male,4,1,5,17,3,NA,NA,Dem,2,3988,17,3988,1
20000128,1,WA,male,8,1,9,34,9,15,14,NA,3,14,34,15,0
20000123,1,NC,female,8,1,5,13,7,16,7,Repub,1,7,13,16,0
20000128,1,PA,female,7,5,2,0,3,NA,NA,NA,997,3988,0,3988,0
20000126,1,VA,female,6,6,5,26,9,NA,NA,Repub,1,3988,26,3988,0
20000129,1,VA,male,3,1,5,9,3,NA,NA,Repub,1,3988,9,3988,0
20000126,1,IN,female,8,1,3,15,9,6,11,Dem,2,11,15,6,1
20000124,1,AL,female,2,1,6,14,9,NA,NA,Dem,2,3988,14,3988,1
20000126,1,CA,male,7,1,9,28,9,11,9,Dem,2,9,28,11,1
20000129,1,PA,male,1,2,2,28,5,7,5,Dem,2,5,28,7,1
20000125,1,FL,female,NA,2,5,12,3,NA,NA,Repub,1,3988,12,3988,0
20000127,1,AL,female,5,1,6,23,6,10,12,Dem,2,12,23,10,1
20000125,1,IL,male,NA,1,3,19,3,NA,NA,NA,997,3988,19,3988,0
20000125,1,NM,male,NA,5,8,7,3,NA,8,Dem,2,8,7,3964,1
20000123,1,CA,female,2,6,9,17,5,NA,NA,Dem,2,3988,17,3988,1
20000126,1,CA,female,4,1,9,10,9,NA,NA,Dem,2,3988,10,3988,1
20000127,1,ME,female,1,2,1,10,1,NA,NA,Dem,2,3988,10,3988,1
20000126,1,PA,male,7,1,2,20,9,NA,NA,Repub,1,3988,20,3988,0
20000129,1,NY,male,5,1,2,35,5,7,16,Dem,2,16,35,7,1
20000124,1,TX,male,NA,1,7,0,1,NA,NA,Dem,2,3988,0,3988,1
20000123,1,AL,female,6,1,6,26,6,NA,NA,Dem,2,3988,26,3988,1
20000123,1,IL,female,NA,1,3,16,5,NA,NA,Repub,1,3988,16,3988,0
20000127,1,CA,female,4,2,9,9,5,7,NA,Dem,2,3964,9,7,1
20000123,1,PA,female,6,1,2,19,7,10,11,Dem,2,11,19,10,1
20000126,1,IN,female,7,1,3,28,7,NA,NA,Repub,1,3988,28,3988,0
20000126,1,MO,female,4,1,4,21,3,NA,NA,Repub,1,3988,21,3988,0
20000127,1,AZ,female,NA,6,8,8,7,NA,NA,NA,997,3988,8,3988,0
20000123,1,NC,female,4,1,5,18,6,11,NA,NA,997,1004,18,11,0
20000124,1,NY,male,7,1,2,8,7,11,10,Repub,1,10,8,11,0
20000124,1,VA,female,6,1,5,8,6,NA,NA,Dem,2,3988,8,3988,1
20000127,1,MA,male,6,4,1,28,9,7,9,Dem,2,9,28,7,1
20000123,1,IA,male,7,1,4,24,8,NA,NA,Dem,2,3988,24,3988,1
20000126,1,TX,male,5,1,7,15,7,NA,NA,Repub,1,3988,15,3988,0
20000126,1,MO,female,6,1,4,15,5,NA,NA,Repub,1,3988,15,3988,0
20000126,1,TX,female,NA,5,7,16,3,NA,NA,NA,997,3988,16,3988,0
20000124,1,AZ,female,9,2,8,11,9,NA,NA,Dem,2,3988,11,3988,1
20000125,1,OH,female,4,4,3,25,9,NA,NA,Repub,1,3988,25,3988,0
20000128,1,NY,male,1,1,2,2,2,8,6,Repub,1,6,2,8,0
20000129,1,NY,male,5,1,2,15,3,NA,NA,Dem,2,3988,15,3988,1
20000126,1,WA,female,6,1,9,22,9,NA,NA,Repub,1,3988,22,3988,0
20000125,1,CA,male,8,1,9,22,9,11,10,Repub,1,10,22,11,0
20000125,1,MD,male,5,1,5,10,5,12,8,Repub,1,8,10,12,0
20000127,1,NC,male,3,4,5,20,7,NA,NA,Repub,1,3988,20,3988,0
20000126,1,MO,female,4,3,4,4,3,NA,NA,Dem,2,3988,4,3988,1
20000127,1,MO,male,6,1,4,23,8,11,7,Repub,1,7,23,11,0
20000125,1,AZ,male,2,1,8,8,5,NA,NA,Repub,1,3988,8,3988,0
20000126,1,WA,female,4,2,9,16,6,9,8,Dem,2,8,16,9,1
20000126,1,TN,male,1,8,6,5,3,NA,NA,Repub,1,3988,5,3988,0
20000125,1,FL,male,9,1,5,34,5,14,11,NA,3,11,34,14,0
20000127,1,NY,female,NA,4,2,20,1,NA,NA,Dem,2,3988,20,3988,1
20000126,1,NJ,male,NA,1,2,28,7,8,8,NA,997,8,28,8,0
20000123,1,AR,male,4,1,7,13,5,9,9,Repub,1,9,13,9,0
20000124,1,TX,female,NA,1,7,15,6,NA,NA,Repub,1,3988,15,3988,0
20000129,1,TN,female,5,1,6,12,3,NA,NA,Repub,1,3988,12,3988,0
20000127,1,WA,female,3,2,9,4,5,NA,NA,Dem,2,3988,4,3988,1
20000129,1,CA,male,7,1,9,14,9,NA,NA,Dem,2,3988,14,3988,1
20000124,1,PA,female,1,4,2,12,4,NA,NA,Dem,2,3988,12,3988,1
20000123,1,TX,female,NA,4,7,20,8,10,12,Dem,2,12,20,10,1
20000126,1,TX,male,3,1,7,5,6,12,4,Repub,1,4,5,12,0
20000123,1,IL,female,2,2,3,13,3,10,12,Dem,2,12,13,10,1
20000125,1,AZ,female,5,1,8,17,8,8,11,Dem,2,11,17,8,1
20000126,1,WA,male,8,1,9,23,9,NA,NA,Dem,2,3988,23,3988,1
20000127,1,VA,female,7,2,5,15,6,NA,NA,Dem,2,3988,15,3988,1
20000125,1,PA,male,6,1,2,11,3,NA,NA,Repub,1,3988,11,3988,0
20000125,1,WI,female,2,2,3,20,5,NA,NA,Dem,2,3988,20,3988,1
20000124,1,AR,female,2,6,7,14,2,4,8,Dem,2,8,14,4,1
20000125,1,ID,male,4,2,8,15,6,NA,NA,Repub,1,3988,15,3988,0
20000123,1,CA,female,4,4,9,19,5,NA,NA,Dem,2,3988,19,3988,1
20000126,1,OH,male,5,1,3,11,NA,7,7,Repub,1,7,11,7,0
20000126,1,GA,female,5,6,5,3,5,NA,NA,Repub,1,3988,3,3988,0
20000129,1,CA,female,5,1,9,23,7,NA,NA,NA,997,3988,23,3988,0
20000126,1,NY,female,1,7,2,17,5,NA,NA,Dem,2,3988,17,3988,1
20000124,1,OH,female,3,7,3,15,5,NA,NA,NA,3,3988,15,3988,0
20000124,1,TN,female,1,4,6,15,2,NA,NA,Dem,2,3988,15,3988,1
20000128,1,CA,female,6,1,9,17,8,NA,NA,Dem,2,3988,17,3988,1
20000128,1,OH,female,NA,2,3,1,3,NA,NA,Dem,2,3988,1,3988,1
20000124,1,NH,male,8,1,1,19,9,NA,NA,NA,997,3988,19,3988,0
20000125,1,OH,male,5,1,3,7,3,13,11,Repub,1,11,7,13,0
20000124,1,MI,male,5,1,3,9,3,NA,NA,Repub,1,3988,9,3988,0
20000129,1,NJ,female,4,1,2,22,6,NA,NA,Dem,2,3988,22,3988,1
20000126,1,CA,male,8,1,9,24,9,8,12,Dem,2,12,24,8,1
20000126,1,OK,male,NA,1,7,18,3,NA,NA,Repub,1,3988,18,3988,0
20000125,1,MN,female,3,2,4,14,3,NA,NA,Dem,2,3988,14,3988,1
20000124,1,IL,female,6,2,3,23,4,5,13,Dem,2,13,23,5,1
20000128,1,TN,female,4,1,6,19,9,NA,NA,Dem,2,3988,19,3988,1
20000127,1,WA,male,5,1,9,14,9,5,9,Dem,2,9,14,5,1
20000129,1,CA,male,7,1,9,9,5,NA,NA,Repub,1,3988,9,3988,0
20000127,1,TX,female,7,1,7,18,9,16,7,Repub,1,7,18,16,0
20000127,1,WI,female,7,1,3,25,2,NA,NA,Repub,1,3988,25,3988,0
20000126,1,TN,male,3,4,6,0,3,NA,NA,Repub,1,3988,0,3988,0
20000124,1,KS,female,5,1,4,25,9,NA,NA,Repub,1,3988,25,3988,0
20000124,1,AZ,male,8,1,8,28,9,15,9,Repub,1,9,28,15,0
20000128,1,WA,female,1,2,9,14,1,NA,NA,Dem,2,3988,14,3988,1
20000128,1,CA,female,5,2,9,9,5,NA,NA,Repub,1,3988,9,3988,0
20000123,1,CA,male,9,4,9,22,7,NA,NA,Dem,2,3988,22,3988,1
20000126,1,CA,female,6,1,9,15,7,NA,NA,Dem,2,3988,15,3988,1
20000125,1,NC,female,5,2,5,25,4,9,8,Repub,1,8,25,9,0
20000127,1,LA,male,3,4,7,28,2,NA,NA,Repub,1,3988,28,3988,0
20000124,1,IL,male,5,1,3,31,5,NA,NA,Dem,2,3988,31,3988,1
20000126,1,TN,male,5,1,6,14,5,NA,NA,NA,997,3988,14,3988,0
20000124,1,OK,male,5,4,7,20,1,NA,NA,Repub,1,3988,20,3988,0
20000124,1,ID,male,5,1,8,13,7,NA,NA,NA,3,3988,13,3988,0
20000124,1,CA,female,5,1,9,21,7,NA,NA,Dem,2,3988,21,3988,1
20000127,1,CA,male,4,8,9,0,2,4,9,Dem,2,9,0,4,1
20000123,1,NV,female,3,8,8,18,3,NA,NA,Dem,2,3988,18,3988,1
20000128,1,CA,male,6,1,9,14,9,NA,NA,Repub,1,3988,14,3988,0
20000127,1,MI,female,6,6,3,12,5,NA,NA,Repub,1,3988,12,3988,0
20000125,1,MI,male,5,1,3,6,2,NA,NA,Repub,1,3988,6,3988,0
20000127,1,WV,female,NA,1,5,25,9,NA,NA,Dem,2,3988,25,3988,1
20000126,1,MI,male,7,4,3,27,7,NA,NA,Repub,1,3988,27,3988,0
20000127,1,NC,female,6,1,5,21,3,10,11,Dem,2,11,21,10,1
20000125,1,NH,female,7,1,1,7,9,NA,NA,Dem,2,3988,7,3988,1
20000127,1,FL,female,4,1,5,17,9,NA,NA,Dem,2,3988,17,3988,1
20000123,1,NM,female,3,4,8,31,3,NA,NA,Repub,1,3988,31,3988,0
20000125,1,WA,female,3,2,9,14,3,NA,NA,Repub,1,3988,14,3988,0
20000123,1,CA,male,8,1,9,13,5,NA,NA,NA,997,3988,13,3988,0
20000128,1,DC,female,7,7,5,10,8,9,14,Dem,2,14,10,9,1
20000128,1,DC,male,2,7,5,22,9,NA,NA,Repub,1,3988,22,3988,0
20000129,1,CT,female,1,5,1,14,3,NA,NA,Dem,2,3988,14,3988,1
20000129,1,ME,male,6,1,1,14,9,9,11,Dem,2,11,14,9,1
20000129,1,ME,female,6,4,1,13,3,5,7,NA,997,7,13,5,0
20000128,1,ID,male,6,8,8,14,9,NA,NA,NA,4,3988,14,3988,0
20000129,1,TX,male,4,4,7,21,2,8,8,NA,997,8,21,8,0
20000128,1,PA,female,3,1,2,10,3,NA,NA,Dem,2,3988,10,3988,1
20000129,1,PA,female,3,1,2,19,5,NA,NA,Dem,2,3988,19,3988,1
20000128,1,MN,female,NA,4,4,24,9,NA,NA,Repub,1,3988,24,3988,0
20000127,1,LA,female,5,6,7,13,3,8,7,Dem,2,7,13,8,1
20000128,1,AL,female,5,1,6,22,3,NA,NA,Repub,1,3988,22,3988,0
20000128,1,AL,male,6,1,6,18,9,9,13,Dem,2,13,18,9,1
20000128,1,MD,female,2,4,5,27,9,NA,NA,Dem,2,3988,27,3988,1
20000129,1,MD,female,6,1,5,9,5,NA,NA,Dem,2,3988,9,3988,1
20000129,1,CO,female,8,1,8,0,5,NA,NA,Dem,2,3988,0,3988,1
20000128,1,WV,male,6,4,5,21,2,NA,NA,Dem,2,3988,21,3988,1
20000128,1,FL,male,5,1,5,25,5,NA,NA,Repub,1,3988,25,3988,0
20000128,1,FL,female,NA,1,5,8,3,NA,NA,Dem,2,3988,8,3988,1
20000129,1,MO,female,5,1,4,7,5,NA,NA,Dem,2,3988,7,3988,1
20000127,1,MO,female,5,1,4,7,9,11,15,Dem,2,15,7,11,1
20000129,1,LA,female,4,1,7,9,6,NA,NA,Dem,2,3988,9,3988,1
20000128,1,LA,male,6,1,7,14,4,NA,NA,Repub,1,3988,14,3988,0
20000128,1,AL,female,1,2,6,17,5,9,11,Dem,2,11,17,9,1
20000129,1,GA,male,5,1,5,10,7,NA,NA,Dem,2,3988,10,3988,1
20000129,1,OK,male,4,1,7,11,6,NA,NA,NA,997,3988,11,3988,0
20000129,1,MD,male,6,1,5,21,7,NA,NA,Repub,1,3988,21,3988,0
20000129,1,WI,female,NA,4,3,16,5,NA,NA,Dem,2,3988,16,3988,1
20000128,1,WI,female,6,6,3,2,3,NA,NA,Dem,2,3988,2,3988,1
20000128,1,CA,female,NA,1,9,13,9,NA,NA,Repub,1,3988,13,3988,0
20000129,1,OH,female,5,1,3,20,3,NA,NA,Repub,1,3988,20,3988,0
20000129,1,TN,female,1,6,6,21,3,NA,10,Dem,2,10,21,1004,1
20000129,1,UT,male,2,3,8,1,3,NA,NA,Repub,1,3992,1,3992,0
20000128,1,AZ,male,6,1,8,18,9,NA,NA,Dem,2,3988,18,3988,1
20000129,1,AZ,female,5,4,8,23,7,10,5,Repub,1,5,23,10,0
20000129,1,AZ,female,4,5,8,26,5,NA,NA,NA,997,3988,26,3988,0
20000129,1,OR,female,4,4,9,16,8,NA,NA,Dem,2,3988,16,3988,1
20000127,1,MA,female,6,4,1,28,9,NA,NA,NA,997,3988,28,3988,0
20000128,1,MA,male,2,5,1,15,3,NA,NA,Repub,1,3988,15,3988,0
20000129,1,CA,female,8,1,9,24,6,NA,NA,NA,997,3988,24,3988,0
20000128,1,AZ,female,4,6,8,10,7,NA,NA,Repub,1,3988,10,3988,0
20000128,1,AZ,male,3,1,8,24,3,NA,NA,Repub,1,3988,24,3988,0
20000128,1,AZ,male,8,1,8,21,7,NA,NA,Repub,1,3988,21,3988,0
20000129,1,PA,male,5,2,2,19,7,NA,NA,NA,3,3988,19,3988,0
20000129,1,SD,female,3,6,4,18,5,NA,NA,Repub,1,1004,18,1004,0
20000128,1,NJ,female,7,1,2,7,5,NA,NA,Repub,1,3988,7,3988,0
20000128,1,MI,female,5,1,3,5,5,NA,NA,Repub,1,3988,5,3988,0
20000129,1,MI,female,5,1,3,4,5,NA,NA,Repub,1,3988,4,3988,0
20000128,1,MA,male,5,1,1,7,7,NA,NA,Dem,2,3988,7,3988,1
20000129,1,MA,female,4,1,1,14,7,5,14,Dem,2,14,14,5,1
20000129,1,IL,female,2,2,3,9,2,16,16,NA,997,16,9,16,0
20000129,1,MS,female,5,1,6,11,5,16,6,Repub,1,6,11,16,0
20000129,1,NV,female,3,4,8,2,6,4,15,Dem,2,15,2,4,1
20000129,1,NV,female,1,5,8,16,3,NA,NA,Dem,2,3988,16,3988,1
20000129,1,NV,male,7,1,8,31,5,10,9,Repub,1,9,31,10,0
20000128,1,IL,male,6,1,3,14,2,NA,NA,Dem,2,3988,14,3988,1
20000129,1,IL,male,7,1,3,15,7,7,9,NA,997,9,15,7,0
20000128,1,CA,male,6,1,9,12,9,12,5,Repub,1,5,12,12,0
20000129,1,NY,male,NA,2,2,5,2,NA,NA,Dem,2,3988,5,3988,1
20000129,1,NY,female,6,1,2,16,7,NA,NA,Repub,1,3988,16,3988,0
20000128,1,PA,male,2,1,2,18,3,NA,NA,Repub,1,2998,18,3992,0
20000129,1,PA,male,4,2,2,13,9,NA,NA,Dem,2,3988,13,3988,1
20000129,1,FL,female,5,1,5,21,3,NA,NA,Dem,2,3988,21,3988,1
20000129,1,MI,male,1,4,3,23,3,NA,NA,Repub,1,3988,23,3988,0
20000129,1,MI,female,5,2,3,17,7,NA,NA,Repub,1,3988,17,3988,0
20000128,1,MI,female,1,8,3,21,2,NA,NA,Dem,2,3988,21,3988,1
20000129,1,OH,male,7,1,3,18,7,NA,NA,Repub,1,3988,18,3988,0
20000128,1,CA,male,8,7,9,18,5,10,7,Repub,1,7,18,10,0
20000128,1,VA,male,6,1,5,25,5,NA,NA,Dem,2,3988,25,3988,1
20000129,1,VA,male,9,1,5,12,9,NA,NA,Dem,2,3988,12,3988,1
20000127,1,TX,female,7,6,7,28,9,NA,NA,Repub,1,3988,28,3988,0
20000128,1,TX,female,6,1,7,28,5,NA,NA,NA,997,3988,28,3988,0
20000129,1,IN,male,3,1,3,7,5,NA,NA,Repub,1,3988,7,3988,0
20000129,1,FL,male,7,1,5,16,9,10,10,Repub,1,10,16,10,0
20000128,1,PA,male,2,5,2,1,3,NA,NA,Dem,2,3988,1,3988,1
20000128,1,MO,male,7,1,4,19,6,NA,NA,Repub,1,3988,19,3988,0
20000129,1,CT,male,2,1,1,9,2,NA,NA,Repub,1,3988,9,3988,0
20000128,1,AR,male,5,4,7,24,5,NA,NA,Dem,2,3988,24,3988,1
20000129,1,AR,female,7,4,7,20,5,NA,NA,Dem,2,3988,20,3988,1
20000129,1,NC,female,3,2,5,15,3,NA,NA,Dem,2,3988,15,3988,1
20000129,1,NC,female,1,4,5,0,3,NA,NA,Repub,1,2000,0,3964,0
20000128,1,GA,female,NA,1,5,NA,7,5,10,Dem,2,10,1013,5,1
20000128,1,GA,female,NA,4,5,21,2,8,8,Repub,1,8,21,8,0
20000127,1,GA,female,2,3,5,10,5,12,5,Repub,1,5,10,12,0
20000129,1,OK,female,2,4,7,25,7,NA,NA,Repub,1,3988,25,3988,0
20000128,1,NC,male,6,1,5,19,5,8,9,Repub,1,9,19,8,0
20000128,1,NC,female,7,1,5,26,7,NA,NA,Dem,2,3988,26,3988,1
20000129,1,NC,female,5,6,5,9,6,NA,NA,Dem,2,3988,9,3988,1
20000127,1,NC,female,9,1,5,29,7,NA,NA,Repub,1,3988,29,3988,0
20000128,1,TN,female,7,1,6,23,7,NA,NA,Repub,1,3988,23,3988,0
20000128,1,TX,male,7,1,7,12,7,NA,NA,Repub,1,3988,12,3988,0
20000129,1,FL,male,3,1,5,6,2,NA,6,Repub,1,6,6,3964,0
20000129,1,CA,female,6,4,9,14,3,12,12,Repub,1,12,14,12,0
20000128,1,CA,female,5,1,9,15,5,NA,NA,Dem,2,3988,15,3988,1
20000129,1,CA,male,5,2,9,6,5,NA,NA,Dem,2,3988,6,3988,1
20000128,1,NJ,female,3,1,2,23,5,4,8,Dem,2,8,23,4,1
